-8.55337 -16.0269 
-10.1783 -15.4346 
-7.60912 -15.2854 
-6.58037 -11.8427 
-3.04971 -10.9736 
-7.17916 -13.5211 
-8.70213 -15.8047 
4.78884 -11.9061 
-14.978 -8.63518 
-7.82135 -16.2375 
-7.4679 -14.9225 
-10.937 -15.0992 
-12.6887 -11.2277 
-7.29351 -10.2413 
-11.1725 -13.828 
-8.38105 -15.7643 
-11.5137 -14.6737 
-7.79856 -16.3458 
-1.64304 -10.2225 
-4.46341 -14.2503 
-7.41613 -13.3963 
-0.402256 -14.4328 
-7.23599 -16.0611 
-6.45133 -15.6938 
5.36045 -7.673 
-11.7247 -14.5863 
-9.93579 -9.76721 
-8.8743 -15.0884 
-11.0658 -13.9828 
0.954037 -11.7121 
-8.68007 -15.972 
-4.09904 -12.4086 
-10.182 -15.3947 
-5.8002 -14.6016 
3.79958 -8.03373 
-8.33451 -14.5959 
-8.5809 -14.9457 
-5.48646 -14.461 
-8.47425 -16.1456 
-3.28713 -14.6359 
-8.93116 -15.9737 
-6.79316 -14.3643 
-7.23537 -14.377 
-8.20913 -15.7196 
-6.63893 -15.5233 
-8.06547 -16.2597 
-6.64109 -15.6678 
-8.53385 -15.0098 
-8.55729 -16.1403 
-11.3102 -11.5996 
-9.65008 -11.0567 
2.15792 -12.5766 
-6.12173 -16.246 
-5.92828 -16.1037 
-4.87329 -16.2157 
-10.7522 -12.9016 
-7.17621 -16.1854 
-8.31807 -14.3684 
-8.22282 -16.1301 
-4.11098 -14.5708 
-4.54666 -13.7237 
-7.77692 -16.3429 
-10.5671 -15.3059 
6.09858 -9.12393 
-7.75682 -15.5646 
-9.61264 -15.3823 
-7.71054 -16.2926 
-3.88751 -15.6111 
-9.63255 -14.7232 
-8.37477 -9.72985 
-6.98806 -15.2112 
-8.81285 -16.0833 
-9.06991 -12.2068 
-11.9473 -11.9807 
-15.6795 -8.45343 
-10.2838 -12.3015 
-8.03386 -13.003 
-7.02277 -15.2764 
-6.98719 -15.6343 
-8.2746 -16.226 
-6.30635 -15.8732 
-6.47341 -15.1988 
-8.81104 -16.0007 
-6.07292 -12.4233 
-10.559 -10.9418 
-8.08674 -16.1182 
-7.41211 -16.4141 
-6.76427 -13.1644 
-11.4487 -14.673 
-4.62118 -16.24 
-8.06437 -16.2832 
-2.45974 -11.7137 
-10.555 -14.7379 
-7.6789 -15.951 
-6.60809 -14.2151 
-10.5567 -12.5259 
-4.42358 -15.2125 
-8.40176 -15.9484 
-10.1781 -12.0733 
-0.839605 -13.9185 
-8.38438 -14.3217 
-7.70558 -16.3629 
-6.96109 -16.09 
-8.59406 -16.095 
-8.36083 -16.1336 
-10.2751 -15.3843 
-11.4037 -14.7933 
-10.9065 -14.4448 
-8.65997 -15.9502 
-6.504 -15.8689 
-7.43043 -14.0253 
-10.729 -14.9296 
0.0718393 -14.0152 
-6.5872 -16.3855 
-5.70596 -16.2034 
-4.16651 -14.2268 
-5.94095 -13.1311 
-16.3942 -9.17195 
-6.06374 -16.3332 
-8.29607 -14.9268 
-7.69443 -16.3834 
-11.3174 -14.8677 
-8.89256 -12.8698 
-4.21233 -15.4443 
4.12973 -9.72234 
-14.5162 -8.24877 
-7.24226 -11.4485 
-7.22181 -13.8459 
-8.19898 -14.7385 
-11.331 -13.5192 
-9.87927 -15.5682 
-8.69238 -16.1254 
-7.87138 -16.3686 
-7.21959 -15.8177 
-0.448991 -12.1458 
-5.02818 -15.5218 
-7.32203 -16.3316 
-0.315974 -14.4734 
-0.574428 -10.9762 
-4.69563 -15.7947 
-11.2474 -14.9078 
-8.9246 -15.9556 
-1.93571 -14.317 
-10.1927 -15.4192 
-5.30852 -13.9841 
-8.77584 -13.3927 
-3.71742 -14.8186 
-7.86044 -16.2379 
-8.11445 -15.2395 
-12.6021 -13.3313 
-8.07671 -16.0236 
-9.84168 -15.6091 
-3.97212 -12.2225 
-7.8518 -16.2377 
-11.0148 -14.9996 
-5.17288 -15.0273 
-10.0972 -14.8198 
-7.23137 -16.3771 
-8.96926 -15.9564 
-9.60923 -12.7737 
-11.3056 -14.3568 
-8.33614 -16.2325 
-11.2064 -14.9003 
-6.75828 -15.7085 
-6.60456 -14.5242 
-7.02711 -15.8824 
-10.8556 -15.121 
-6.78342 -16.4055 
-4.19593 -13.337 
3.86599 -10.6091 
-1.71093 -14.847 
-7.18597 -14.6472 
-11.2731 -13.0194 
-7.35679 -15.7976 
-7.20233 -13.264 
-7.48068 -15.8575 
-9.34795 -15.8407 
-6.36717 -12.9712 
-4.04332 -15.983 
-9.42889 -15.5175 
-16.82 -8.9329 
-6.76717 -15.4973 
-5.88609 -14.6017 
-8.37354 -16.1523 
-8.07678 -16.2389 
-9.62261 -11.8028 
-7.27647 -16.4113 
-8.82659 -16.0544 
-8.86432 -16.0173 
-11.7569 -13.523 
-4.7463 -15.4089 
-8.67715 -16.0734 
-9.54465 -14.2547 
-7.57818 -15.4992 
-6.5991 -14.2996 
-14.8533 -9.37014 
-6.18886 -16.2116 
-4.66918 -11.3149 
-5.71861 -15.2178 
-5.41442 -14.5151 
-11.0945 -14.9817 
-3.90451 -14.7091 
-4.05082 -12.6079 
-9.28083 -14.5218 
-11.4292 -14.1076 
-8.05848 -15.7237 
-6.36316 -16.44 
-14.5404 -9.17138 
-7.49135 -16.4307 
-11.6144 -13.1891 
-6.24755 -15.2301 
-7.21898 -16.4191 
-8.88351 -15.9226 
-3.01298 -13.4206 
-7.9261 -16.218 
-12.2149 -13.2158 
-8.08393 -16.1601 
-9.79349 -11.9679 
-6.94509 -16.1045 
-11.7214 -11.3148 
-8.19703 -16.2444 
-9.30007 -15.7717 
-11.1391 -11.9333 
-7.89398 -16.3348 
-13.9467 -11.011 
-11.2716 -14.6682 
-8.40526 -16.158 
-7.22072 -13.6917 
-7.13257 -12.8342 
-11.2431 -14.9055 
-6.96007 -14.1848 
-8.24188 -15.3807 
-12.0221 -10.877 
-7.2618 -15.8305 
0.029489 -9.27769 
-0.792789 -10.2103 
-9.02887 -13.3289 
-7.77852 -15.6976 
-12.5278 -12.7872 
-2.63723 -12.4074 
-3.68702 -13.1976 
-6.73347 -14.937 
-9.39164 -15.7356 
-2.08036 -11.617 
-12.0736 -10.8914 
-7.23246 -16.4598 
-9.94557 -15.5883 
-5.78293 -15.9304 
-12.2968 -10.9599 
-1.96636 -10.8684 
-4.60272 -16.2528 
-17.3273 -7.03075 
-11.0423 -12.321 
-6.20742 -16.2843 
-11.1417 -12.3031 
-6.04931 -16.4723 
4.81163 -12.1741 
-11.8396 -14.4604 
-11.836 -14.2692 
-17.127 -7.45081 
-10.1499 -14.6306 
-5.64459 -12.5046 
-6.55467 -15.883 
-8.24268 -16.2494 
-7.47261 -13.1188 
-10.2363 -15.3812 
-5.70031 -15.8599 
-6.97802 -15.0684 
-8.57784 -15.2551 
-7.25419 -14.5166 
-8.97365 -15.8684 
-11.1331 -14.8245 
-6.94965 -11.868 
-8.71996 -16.1055 
-15.2787 -11.0104 
-7.89046 -16.3137 
-9.39798 -15.7589 
-8.83751 -15.9285 
-12.2806 -11.7661 
-11.0794 -14.9733 
-6.71959 -15.911 
-6.3023 -15.5652 
-9.48919 -15.4911 
-5.56481 -12.1029 
-10.028 -11.8489 
-2.87624 -14.4478 
-11.0826 -12.823 
4.12315 -8.89505 
-9.6601 -13.8001 
-5.36235 -16.2793 
-9.9395 -15.494 
-9.84153 -15.6362 
-6.91004 -15.2042 
-8.30596 -16.2303 
2.67366 -13.1592 
-9.60158 -15.5393 
-8.06298 -15.2879 
-9.64442 -12.5303 
-7.84731 -15.8666 
-10.4557 -15.1822 
-8.49257 -16.115 
-3.72493 -12.5638 
-6.4891 -16.1698 
-7.05595 -13.7629 
-9.99402 -15.5326 
-5.76868 -14.585 
-15.0232 -9.53566 
-3.65839 -14.0372 
-10.9782 -14.5267 
-5.59379 -10.2619 
-10.569 -15.2265 
-11.8968 -14.0976 
-11.1293 -13.5681 
-11.2794 -11.7394 
-6.65451 -14.459 
4.26663 -11.718 
-5.5886 -16.3497 
-11.3106 -12.0053 
-8.5977 -13.3225 
-12.2404 -10.584 
-10.183 -15.0905 
-8.96197 -13.7687 
-12.2364 -10.8844 
1.3517 -13.8546 
7.06118 -10.911 
-6.86099 -14.598 
-9.30878 -14.5408 
-9.11611 -15.9266 
-6.47295 -16.3139 
-13.5623 -10.0857 
-5.12338 -15.8449 
-9.98513 -15.5508 
-6.0189 -15.2727 
-11.7628 -10.864 
-8.46361 -16.1436 
-8.03887 -16.2168 
-8.50507 -16.1731 
-6.46559 -15.5701 
-6.76739 -15.484 
-7.484 -15.4712 
-8.13948 -13.3059 
-3.5606 -15.4046 
-7.53451 -16.2043 
-11.0437 -12.9803 
-7.47727 -16.4547 
11.1677 -7.92714 
-8.59545 -15.9797 
-5.60099 -15.0864 
-17.4317 -5.45935 
-11.8394 -14.5107 
-11.3318 -13.8703 
-10.4301 -11.2887 
-12.5356 -9.53969 
-8.79219 -16.0107 
-15.2974 -8.72598 
-6.83689 -12.3238 
-7.65416 -16.3348 
-5.62511 -14.7915 
-9.89824 -11.944 
-6.40539 -14.8333 
-5.48518 -16.4326 
-11.7361 -14.0839 
-10.3921 -11.8358 
-4.89762 -15.6612 
-9.22343 -13.3744 
-9.05337 -13.0407 
-2.76109 -14.1578 
-8.86261 -15.9713 
-7.81129 -16.316 
-10.4121 -15.371 
-8.12419 -12.7658 
-10.6349 -14.9091 
-4.8323 -13.4024 
-10.7047 -14.8778 
-5.90524 -16.0269 
-5.44449 -16.229 
-9.19184 -15.9172 
-9.26059 -15.8115 
-5.26683 -9.45155 
-8.14829 -12.8139 
-8.92431 -15.5867 
-7.27592 -13.7174 
-6.90598 -16.4687 
-8.99078 -15.8909 
-4.47508 -14.393 
-9.42207 -15.7187 
-8.44394 -16.102 
-0.339737 -12.1205 
-10.4729 -15.294 
-7.58716 -16.36 
-8.20292 -16.2415 
-9.9371 -15.5819 
-6.57591 -14.409 
-8.55677 -13.3542 
-10.0941 -15.3284 
-11.5457 -11.265 
-11.3351 -14.8022 
-10.428 -15.3319 
-4.93327 -13.6883 
-7.19654 -15.5862 
-9.70298 -15.6513 
-0.860963 -9.90828 
-10.8749 -11.6937 
-11.4782 -12.5069 
-15.6658 -8.26739 
-10.014 -13.0012 
-11.0477 -14.947 
-3.2391 -15.7417 
-6.7097 -16.3268 
-10.3012 -15.4234 
-6.29584 -15.4303 
-4.98535 -13.6303 
-7.31691 -16.171 
-8.93102 -12.6344 
-8.75011 -13.0378 
-6.39731 -16.3058 
-6.00754 -14.4998 
-7.24696 -16.1907 
-9.52618 -15.7542 
-8.90495 -16.0324 
-5.51005 -15.5666 
-11.7504 -13.3709 
-8.93401 -13.3829 
-5.2219 -12.1432 
-5.10011 -11.4032 
7.40396 -9.6031 
-7.14421 -13.7301 
-1.03326 -12.1506 
-5.4037 -12.3543 
-7.72318 -13.8845 
-10.4729 -12.2036 
-11.3529 -12.4824 
-8.43333 -16.0701 
-8.49622 -16.1625 
-6.11649 -16.2092 
5.29783 -11.1499 
-9.88134 -14.8158 
-9.565 -15.5039 
-9.42293 -11.3474 
-7.64434 -16.2695 
-9.32738 -15.6349 
-17.842 -5.33737 
-7.17425 -14.9657 
-9.62758 -15.7125 
-12.3025 -10.9197 
-7.82643 -16.1519 
-4.72557 -12.9465 
0.155115 -14.0322 
-10.3264 -13.0415 
-8.70469 -16.1152 
-6.30996 -15.6084 
-7.44366 -16.3877 
-6.31348 -15.8051 
-13.7653 -10.0703 
-6.79787 -15.3829 
-7.94751 -16.3151 
-8.52346 -13.4812 
-10.8067 -15.1283 
-8.54905 -15.189 
-8.60123 -15.2888 
-8.28061 -16.1728 
1.98085 -13.26 
-7.04632 -13.9318 
-8.4825 -14.0273 
-2.86361 -11.6925 
-7.44259 -11.5212 
-7.13619 -14.7226 
-9.94195 -15.4934 
-9.77321 -15.6598 
-8.27648 -15.9718 
-9.92107 -15.5709 
-8.45379 -13.8877 
-7.21747 -16.0988 
-7.62677 -15.4408 
-8.62221 -15.8702 
-9.18507 -15.5864 
-2.04228 -9.82563 
-11.2787 -11.9981 
-7.8453 -11.9415 
-6.37402 -15.2978 
-7.28987 -14.5814 
-9.72481 -11.6451 
-4.93451 -12.8453 
-5.98331 -16.2338 
-8.13814 -13.5573 
-9.32218 -7.08049 
-17.5019 -3.76985 
-7.49217 -16.3192 
2.68839 -10.6449 
-5.65036 -13.8246 
-11.9381 -12.7361 
-4.93989 -13.9406 
-10.2406 -15.4382 
-4.64069 -15.6048 
-7.29409 -16.1186 
-10.6838 -13.5605 
-5.67737 -15.6573 
-9.53957 -14.9958 
-8.08333 -14.7339 
-7.70926 -15.6444 
-1.14663 -12.5813 
-7.66532 -13.342 
-11.3662 -14.1083 
-7.99927 -15.8753 
-9.36922 -15.7746 
-5.51575 -16.3344 
-5.58203 -14.8874 
-7.54196 -10.1194 
-13.464 -11.4184 
-6.54464 -15.5972 
-9.48792 -15.7611 
-7.16012 -15.1424 
-2.66953 -15.3106 
-11.2591 -11.3722 
-11.3958 -14.5549 
-10.4677 -15.3152 
-10.2207 -14.7841 
-10.8303 -15.1052 
-8.24641 -11.635 
-10.0052 -13.7318 
-9.13171 -14.65 
-8.18294 -16.1366 
-10.6118 -15.2524 
-8.20712 -13.908 
-10.7109 -14.3728 
-12.255 -11.7272 
2.37214 -13.4965 
-6.14805 -15.5235 
-8.31191 -16.1597 
-2.5837 -11.995 
-8.4824 -16.1715 
-11.1137 -14.9537 
-0.931582 -14.8086 
-5.32507 -11.8803 
-6.76184 -16.4478 
-10.0003 -15.5452 
-8.05425 -16.1369 
-10.2437 -15.1953 
1.03377 -14.4388 
-7.90492 -13.5561 
-10.7628 -15.1034 
-10.4411 -14.38 
-10.0664 -15.4857 
-6.10285 -16.1502 
-7.22572 -16.3839 
-6.20684 -15.169 
-6.79684 -11.7615 
-6.84567 -13.4645 
-2.03716 -9.99724 
-9.21058 -15.8653 
-8.49731 -16.1249 
-7.68107 -16.4067 
1.72885 -13.7032 
-9.63596 -14.3604 
3.76715 -12.6106 
-8.89379 -15.6624 
-6.60078 -15.3223 
-10.7278 -12.0635 
-4.96436 -10.226 
-8.05486 -16.2284 
-10.4457 -14.1917 
-6.45425 -16.051 
-3.86737 -10.9592 
-7.05681 -15.9337 
-10.402 -14.7198 
-7.12049 -15.7427 
-8.75733 -10.9728 
-7.1471 -14.9012 
-8.29679 -16.1031 
-6.11784 -15.6068 
-4.70418 -12.9179 
-11.2788 -14.7789 
-10.2961 -15.3994 
-10.5156 -15.2792 
-12.2201 -13.2923 
-11.5977 -14.3486 
-10.9627 -15.0765 
-11.39 -14.1492 
-11.9723 -14.0549 
-10.6803 -15.1971 
-12.1097 -13.3044 
-12.2527 -12.6945 
-12.2729 -13.591 
-13.0223 -12.9258 
-11.6303 -13.0376 
-11.342 -14.1699 
-10.885 -14.9664 
-11.6821 -12.6739 
-11.0857 -14.8389 
-9.23916 -15.9015 
-10.9373 -12.2363 
-9.06065 -15.9756 
-10.408 -15.2171 
-6.97705 -14.8316 
-10.4248 -15.3537 
-8.95724 -15.9365 
-10.5142 -15.2847 
-10.1775 -15.3718 
-11.5788 -13.1282 
-11.3887 -14.1426 
-11.8762 -12.551 
-9.9075 -15.5708 
-11.8014 -13.702 
-11.826 -14.2062 
-11.6723 -13.9843 
-11.6626 -13.7446 
-11.4416 -14.6691 
-12.3077 -13.6659 
-12.0157 -13.5322 
-13.3903 -12.105 
-11.3601 -14.8495 
-11.5951 -14.2499 
-9.54073 -15.7733 
-8.97583 -15.9839 
-10.6061 -15.2281 
-11.6628 -14.1214 
-10.5479 -15.308 
-11.365 -14.8711 
-11.242 -13.8719 
-9.44234 -15.7864 
-16.37 -9.53413 
-10.9608 -15.0396 
-11.5447 -13.9977 
-11.2182 -14.6158 
-11.5456 -13.1047 
-11.76 -14.0037 
-12.1448 -13.7464 
-7.61604 -13.1516 
-8.1558 -12.7577 
-8.24498 -13.1283 
-7.29037 -14.8413 
-8.16036 -15.9498 
-7.56003 -14.4092 
-8.80939 -15.1406 
-8.0306 -14.0261 
-10.061 -14.7146 
-8.39638 -13.6715 
-8.24067 -15.6622 
-8.10564 -15.5187 
-9.09559 -15.4552 
-11.6255 -11.3557 
-8.84519 -13.3802 
-9.85147 -12.5799 
-9.21961 -13.1286 
-7.10099 -13.623 
-12.4775 -9.29862 
-7.69939 -16.0764 
-8.09875 -14.5667 
-10.0396 -15.4809 
-9.03045 -15.963 
-6.44336 -15.1455 
-7.03718 -14.7987 
-8.48707 -13.4325 
-8.82074 -16.0659 
-8.8887 -15.9894 
-10.2562 -15.4125 
-11.6317 -13.8553 
-11.2068 -14.1327 
-10.2541 -15.4514 
-9.90249 -15.6049 
-8.73518 -16.0494 
-8.89381 -16.0539 
-10.6758 -15.1799 
-11.119 -13.4816 
-11.2138 -14.8261 
-8.54011 -14.6949 
-11.7368 -13.5321 
-9.99491 -15.5096 
-6.99668 -14.4008 
-7.86567 -16.2137 
-5.96668 -16.0106 
-5.94356 -14.7229 
-6.98015 -14.42 
-5.94036 -14.33 
-6.16584 -13.8759 
-7.73919 -16.3699 
-6.27318 -16.0593 
-6.45616 -15.3146 
-9.05249 -11.6429 
-12.9996 -10.1977 
-8.9392 -10.7614 
-6.3938 -10.9338 
-10.9967 -10.5638 
-9.70296 -11.1105 
-7.92214 -12.9323 
-1.77882 -9.12178 
-6.66692 -9.18441 
-11.8491 -10.551 
-8.33707 -11.2032 
-9.54028 -11.4267 
-8.43064 -12.6247 
-8.80105 -11.5461 
-11.3879 -14.2601 
-10.8438 -14.6357 
-10.1871 -14.6547 
-10.0602 -14.5942 
-10.7058 -14.5991 
-11.9372 -14.1814 
-11.1138 -14.7543 
-11.9352 -14.2831 
-8.09662 -14.9184 
-10.2549 -15.3492 
-8.88966 -15.8762 
-9.759 -15.5294 
-8.85062 -15.7006 
-9.88325 -15.6185 
-9.79692 -15.6394 
-9.38276 -15.8421 
-9.54354 -15.7989 
-9.31217 -15.8621 
-9.64815 -15.6719 
-9.45521 -15.7464 
-9.27133 -15.8458 
-11.4939 -14.0133 
-10.2686 -15.3481 
-11.3697 -13.8358 
-11.7286 -14.1569 
-10.7966 -15.1137 
-10.2887 -15.4328 
-10.4975 -15.3297 
-9.07259 -15.9661 
-5.10442 -15.9526 
-9.37926 -15.8208 
-8.97542 -15.9537 
-8.09894 -14.259 
-6.75729 -15.91 
-8.86622 -16.0612 
-5.70893 -13.7023 
-7.93237 -15.7547 
-11.2385 -14.7931 
-11.854 -13.5623 
-11.517 -12.6524 
-10.9502 -14.6459 
-11.963 -13.3777 
-11.3654 -13.0842 
-11.6165 -13.9886 
-10.9906 -15.0003 
-11.7108 -13.2609 
-11.8265 -12.433 
-11.5597 -13.2466 
-12.2825 -13.8731 
-9.07029 -15.9719 
-5.70993 -15.1277 
-10.4452 -15.3184 
-10.6068 -15.005 
13.4491 -4.31398 
-10.619 -15.2709 
-8.30159 -16.232 
-8.50171 -15.9031 
-9.61794 -15.5313 
-7.52495 -16.3253 
-6.08988 -16.1879 
-10.3462 -15.2987 
-9.67759 -12.4945 
-9.53693 -10.6797 
-12.624 -10.1907 
-10.8573 -12.2072 
-10.0693 -10.8824 
-11.2036 -14.3485 
-11.316 -13.671 
-11.5412 -13.3794 
-11.329 -10.0703 
-10.6054 -10.1026 
-11.1414 -14.9848 
-11.952 -13.8224 
-12.1279 -13.8625 
-11.7212 -14.3901 
-11.5219 -13.5165 
-12.3052 -11.7235 
-13.9414 -10.4398 
-11.5567 -11.9004 
-12.4253 -12.396 
-12.1242 -13.0386 
-13.1449 -11.3744 
-14.4816 -11.7028 
-11.4821 -13.3173 
-7.89771 -16.1456 
-6.25185 -15.5157 
-8.1103 -16.266 
-7.11262 -15.7967 
-7.09249 -15.7521 
-9.41114 -15.8442 
-6.91469 -15.5138 
-11.2767 -12.8136 
-5.61746 -15.4381 
-5.82061 -16.353 
-5.91307 -14.8157 
-5.82674 -15.9343 
-6.85933 -15.9238 
-9.86445 -15.6222 
-9.55097 -15.7734 
-9.87023 -15.6109 
-10.1541 -15.4791 
-11.1861 -14.1777 
-10.9306 -14.4671 
-9.63759 -15.5937 
-9.83008 -15.6396 
-9.78858 -15.6648 
-9.69996 -15.6863 
-10.8224 -15.1426 
-11.3507 -13.7591 
-9.89327 -15.5628 
-9.58967 -15.7252 
-9.93412 -15.6 
-10.0538 -15.5173 
-11.627 -14.1541 
-10.8247 -15.1476 
-12.0399 -12.7071 
-12.2309 -13.2983 
-11.8067 -13.548 
-11.1191 -14.1613 
-12.0122 -13.7168 
-12.2955 -12.3261 
-6.95286 -16.4055 
-6.51855 -16.4209 
-10.2 -12.3654 
-10.5182 -12.0346 
-10.2615 -13.194 
-9.80597 -12.0874 
-10.1163 -12.6782 
-8.04045 -15.8401 
-9.43431 -11.0867 
-11.8676 -11.8478 
-11.2006 -10.3315 
-7.41772 -16.2184 
-6.91981 -16.1061 
-9.20265 -15.9122 
-9.80312 -15.6662 
-8.73872 -16.0546 
-10.3126 -15.3111 
-7.99721 -16.0151 
-9.3523 -15.778 
-8.0447 -16.2563 
-10.3874 -15.3418 
-9.89626 -15.617 
-10.6335 -15.232 
-11.7637 -13.6434 
-11.9068 -13.9328 
-11.532 -12.3972 
-11.2928 -13.179 
-11.191 -13.0035 
-11.0328 -10.8032 
-11.038 -12.7137 
-11.7185 -13.159 
-11.237 -10.3368 
-10.7897 -13.1256 
-11.9825 -11.5924 
-10.5359 -10.1437 
-11.4191 -13.1135 
-11.4851 -14.7101 
-12.0514 -13.6403 
-10.3178 -15.3833 
-12.0548 -13.4219 
-11.6868 -14.3167 
-11.4415 -11.7857 
-11.888 -12.7171 
-11.6746 -11.7493 
-12.2411 -12.9763 
-10.6615 -15.2285 
-12.185 -12.8905 
-12.6038 -10.7987 
-7.43049 -13.9428 
-7.21928 -15.4916 
-5.82365 -14.0291 
-9.02795 -12.7257 
-6.26691 -15.1545 
-7.58273 -16.3477 
-8.28046 -16.1635 
-7.1308 -14.8931 
-10.8373 -15.0802 
-6.69233 -15.7376 
-8.57293 -16.0946 
-7.47156 -16.1132 
-12.1354 -14.2607 
-13.516 -12.7054 
-12.7876 -12.8099 
-13.3142 -13.0182 
-12.9261 -13.0346 
-12.2797 -14.0648 
-12.975 -13.2864 
-13.4806 -12.2792 
-12.9183 -13.4931 
-13.4898 -12.9584 
-13.9535 -12.2298 
-12.4482 -13.3627 
-13.2777 -13.0217 
-14.407 -10.8406 
-14.6698 -10.503 
-13.3334 -11.2103 
-12.2135 -12.6118 
-12.3258 -12.5938 
-14.0928 -12.069 
-15.1083 -10.9512 
-14.2715 -10.937 
-14.4443 -10.5676 
-13.719 -11.3653 
-13.6825 -11.0523 
-15.6139 -10.0111 
-11.6219 -14.5425 
-11.9601 -13.985 
-12.082 -14.0126 
-11.324 -14.802 
-12.1486 -13.9746 
-10.7492 -15.1838 
-13.6059 -12.5493 
-12.3237 -13.5653 
-11.1922 -14.9252 
-14.9115 -8.53927 
-12.5899 -13.5984 
-12.4867 -13.1633 
-9.96096 -15.3932 
-10.9791 -14.6209 
-11.4242 -14.3632 
-12.3205 -13.033 
-10.0773 -15.4172 
-9.96301 -15.3043 
-9.78097 -15.4406 
-9.94478 -15.5942 
-10.6125 -15.1836 
-9.94936 -15.5571 
-11.7713 -12.902 
-12.1174 -13.8967 
-12.078 -13.4082 
-11.6656 -13.4596 
-12.6205 -10.7465 
-11.6529 -13.4717 
-12.0658 -12.3174 
-11.795 -13.4528 
-10.4323 -10.7081 
-9.94257 -10.4976 
-11.807 -11.6114 
-12.1889 -13.4823 
-14.8728 -9.92059 
-12.4662 -13.0937 
-11.6167 -12.3025 
-11.8519 -10.3788 
-11.8197 -11.5676 
-11.4726 -12.4375 
-12.2421 -11.172 
-12.3249 -10.9083 
-11.8008 -12.0175 
-12.9021 -10.2636 
-11.8172 -13.8572 
-11.2828 -14.912 
-11.3109 -14.8128 
-12.4845 -12.9439 
-10.9885 -14.589 
-9.45992 -15.7479 
-10.9052 -14.0599 
-10.9291 -15.0285 
-11.1773 -14.9522 
-9.77581 -15.6457 
-10.9604 -14.9297 
-11.6344 -13.8153 
-10.4885 -15.3285 
-9.8258 -15.6116 
-8.38435 -13.9436 
-11.535 -13.0464 
-13.3458 -10.9073 
-10.0595 -15.3873 
-12.1231 -12.2302 
-12.5813 -12.4975 
-13.2036 -12.2543 
-11.408 -11.9968 
-11.2311 -10.8491 
-12.4327 -11.1521 
-10.9423 -11.9078 
-11.0457 -11.2357 
-12.5011 -10.3501 
-9.34211 -14.2575 
-8.54936 -16.0945 
-7.35886 -14.7676 
-9.08976 -14.8335 
-9.64696 -15.7371 
-9.4059 -15.8406 
-8.40687 -16.2 
-8.88 -15.5892 
-9.17579 -14.9249 
-9.12022 -15.8939 
-9.3258 -15.8589 
-8.45843 -15.9955 
-8.41708 -15.9819 
-11.2111 -14.8397 
-10.6252 -15.2574 
-11.0052 -15.0386 
-11.0858 -15.0002 
-10.1695 -15.4269 
-10.9188 -15.0282 
-10.0447 -15.5218 
-11.9175 -13.9663 
-9.23677 -15.9029 
-11.0565 -14.944 
-11.3736 -14.6257 
-11.515 -13.8313 
-11.5481 -14.7197 
-11.1073 -14.8859 
-11.3928 -12.2199 
-10.9068 -11.1883 
-9.60124 -15.7422 
-11.5545 -14.1464 
-11.1654 -14.5246 
-11.5938 -13.5266 
-11.1453 -11.5758 
-12.2737 -13.8723 
-11.76 -13.9908 
-11.5012 -13.8705 
-11.2127 -11.4958 
-11.3944 -11.8675 
-11.1732 -12.765 
-11.5449 -11.9717 
-11.4047 -12.5609 
-10.8682 -10.6456 
-10.8569 -10.6185 
-10.6032 -11.4784 
-11.4155 -12.2619 
-11.277 -11.7096 
-10.4351 -10.7426 
-10.3075 -10.5002 
-12.4794 -10.504 
-12.058 -10.0949 
-11.0897 -12.4857 
-11.6378 -13.4421 
-11.7556 -11.9627 
-11.0462 -11.1419 
-12.066 -14.2849 
-11.8473 -12.2986 
-15.0486 -9.87009 
-9.96795 -14.8795 
-8.73083 -14.9678 
-9.09511 -14.7445 
-13.3597 -11.1858 
-8.39857 -16.1604 
-8.87042 -16.0286 
-8.30152 -16.0899 
-9.43776 -15.7608 
-9.00445 -15.9479 
-11.1674 -14.4244 
-8.90579 -15.4549 
-11.6386 -11.6101 
-11.6324 -11.7128 
-11.9394 -11.0214 
-10.9628 -10.9394 
-13.3004 -10.5447 
-11.9983 -10.7995 
-11.4388 -11.311 
-11.705 -11.0121 
-2.95593 -11.9422 
-8.03157 -12.9244 
-5.49969 -16.2638 
-6.51185 -16.2777 
-9.56078 -15.7237 
-4.73936 -15.6198 
-6.76088 -15.9115 
-7.69314 -16.2877 
-4.36621 -12.7386 
-5.93802 -14.9082 
-7.32685 -16.4795 
-7.77068 -16.3757 
-5.50466 -16.1225 
-8.01278 -13.9091 
-9.16214 -13.9439 
-9.14653 -13.461 
-5.37555 -14.0311 
-8.09132 -13.5706 
-6.22015 -15.2826 
-7.00664 -13.9707 
-7.30308 -15.8389 
-6.23148 -15.8528 
-7.22292 -15.2676 
-6.72226 -13.2116 
-3.51667 -12.7907 
-8.57263 -16.1259 
-11.5555 -13.3828 
-9.62795 -15.6423 
-7.91959 -15.6096 
-12.4711 -13.5787 
-10.7775 -15.1682 
-10.4717 -15.2784 
-11.3797 -14.0777 
-9.1448 -15.9023 
-12.8509 -13.3915 
-9.78371 -15.6683 
-12.5678 -13.1423 
-11.6426 -14.1362 
-12.1796 -14.137 
-11.0526 -14.9726 
-11.4598 -14.3417 
-12.4587 -11.3303 
-11.7011 -14.4966 
-11.0776 -14.3963 
-11.1722 -12.5792 
-12.1688 -12.6276 
-12.5396 -10.334 
-12.8331 -12.0258 
-12.055 -13.5139 
-12.0688 -13.4985 
-12.1756 -13.1274 
-10.6461 -15.2222 
-11.3152 -12.6616 
-12.5749 -13.4658 
-10.9856 -14.5887 
-11.3297 -13.6108 
-10.625 -12.066 
-10.9688 -13.9836 
-10.0512 -14.0223 
-11.3267 -12.2892 
-10.9491 -12.0526 
-8.52404 -10.2053 
-10.7922 -11.8651 
-11.0753 -11.0324 
-11.5162 -14.0712 
-11.5922 -13.874 
-11.7797 -12.3077 
-11.6327 -14.4251 
-11.239 -14.7728 
-10.5601 -14.8583 
-11.4789 -14.2969 
-12.4191 -13.5029 
-11.6094 -12.8364 
-11.7884 -12.6186 
-11.1908 -13.4562 
-11.479 -13.5765 
-10.8887 -14.7799 
-11.8767 -11.2319 
-9.68726 -9.98881 
-11.6139 -12.4266 
-10.364 -15.3077 
-11.2379 -14.1458 
-10.9263 -12.8511 
-9.38955 -10.0062 
-11.3412 -12.1909 
-11.2735 -13.0232 
-11.3081 -11.5316 
-9.40069 -15.6996 
-10.3896 -15.384 
