-17.2495 -4.34542 
-17.381 -1.77619 
-17.4742 -3.66669 
-15.5255 -8.51914 
-17.7443 -0.501503 
-17.7916 -8.92544 
-17.7442 -4.91477 
-17.0888 -3.96545 
-17.8774 0.925067 
-18.093 3.83921 
-18.0089 0.936106 
-14.6592 -6.5354 
-17.9146 -4.42888 
-17.7895 -3.74625 
-18.0868 2.86428 
-5.0824 -6.89871 
-17.9443 0.356117 
-14.15 -7.73331 
-13.2453 -12.6251 
-17.7387 -7.48076 
-17.8029 -1.03934 
-17.496 -5.59738 
-17.8149 4.03822 
-17.5918 -3.31511 
-15.6937 -4.30027 
-17.7421 -5.77989 
-18.3136 2.18242 
-17.7894 -5.39121 
-18.3785 -3.22891 
-17.7366 -6.72377 
-18.0037 5.15949 
-17.7132 -6.27759 
-18.2316 4.53419 
-17.8783 -3.63532 
-17.7884 -1.83852 
-17.6159 -2.50773 
-18.0935 -4.61045 
-17.3529 -2.59673 
-17.7256 -2.24525 
-18.1627 4.96788 
-17.8853 1.72008 
-18.2058 -2.5232 
-18.0709 -3.48083 
-17.4042 -6.36028 
-17.8094 -5.79661 
-17.6836 -4.86228 
-17.7065 -7.71315 
-17.4909 1.42944 
-17.1578 -7.88846 
-17.7055 -2.89353 
-17.8455 -0.150655 
-16.9263 -6.80942 
-14.9243 -9.98021 
-17.4469 -3.65418 
-17.8181 -2.8435 
-17.9596 -4.32996 
-18.3873 -3.73877 
-17.9702 -1.42764 
-17.486 -7.22417 
-18.2963 -3.79484 
-18.1259 -2.54603 
-17.9277 -1.67995 
-9.90941 -13.3525 
-17.1991 -8.27142 
-17.5435 -4.57074 
-17.0604 -1.83867 
-17.8975 -3.2259 
-15.1117 -8.13769 
-17.8234 -3.71862 
-15.8954 -5.38012 
-17.0234 -7.35465 
-17.9057 -5.09224 
-16.707 -5.31066 
-17.945 -5.24356 
-15.5888 -5.32358 
-17.559 -4.93144 
-17.7387 -8.2947 
-18.1101 5.55298 
-17.6166 -3.8536 
-17.6381 -1.73237 
-14.8932 -8.24171 
-17.7847 -1.10742 
-17.7363 -4.69874 
-18.341 0.268662 
-17.9664 -4.97068 
-18.0076 -5.44424 
-18.0609 -0.956632 
-17.4065 -7.70766 
-17.9234 -6.11831 
-17.6945 -6.06032 
-17.9416 0.0507753 
-16.5502 -2.40984 
-18.0016 0.553726 
-17.8254 2.19398 
-17.5958 -2.30369 
-18.2855 3.00516 
-17.5318 -4.3564 
-18.0562 -0.28205 
-18.1262 -5.26095 
-18.1455 -4.065 
-18.0777 3.63247 
-15.5899 -7.43526 
-17.9151 3.74098 
-17.8232 1.95007 
-17.7672 -5.05466 
-17.6996 -5.45547 
-17.0587 -5.97122 
-17.0593 -7.41707 
-17.8002 3.01509 
-17.405 -4.43991 
-17.332 -8.32 
-17.1752 -6.92103 
-17.8263 -4.80562 
-17.6352 -1.87642 
-16.8809 -2.17507 
-14.0959 -12.2349 
-17.3675 -2.18166 
-18.252 -2.25472 
-17.7656 0.238232 
-17.5316 -6.07408 
-17.449 -6.55037 
-17.95 -1.86725 
-17.9314 4.04684 
-18.0861 4.10404 
-18.2114 -1.53052 
-18.3269 0.692445 
-17.536 -9.13447 
-17.9856 -6.20553 
-16.9397 -2.86294 
-15.363 -8.21421 
-17.4741 0.919987 
-17.3474 -7.46413 
-17.6073 -4.48213 
-17.8397 -3.53063 
-17.4433 -0.643184 
-17.6291 -0.965148 
-17.0163 -5.3816 
-17.1272 -3.34184 
-17.8088 -0.944034 
-17.8059 -4.64214 
-17.1297 -6.4518 
-18.0842 -4.14638 
-18.2411 -3.44536 
-15.5995 -8.87837 
-17.8114 -1.69363 
-18.0922 -6.0503 
-17.8692 -1.00119 
-17.2119 -5.68135 
-16.0811 -3.09414 
-17.6425 -4.52728 
-17.4552 -5.37604 
-18.1437 4.32084 
-17.8213 -5.66374 
-15.3033 -10.8967 
-17.7515 -3.85095 
-17.7197 -2.91894 
-17.9246 4.33385 
-17.9525 0.623018 
-16.9917 -6.58901 
-17.4875 -6.69147 
-17.9727 -4.93963 
-17.7391 -6.89954 
-18.0346 2.6665 
-17.4735 -4.89347 
-17.8862 -4.87904 
-13.0376 -8.04207 
-17.6839 -4.20561 
-16.82 -4.97948 
-18.0167 4.37983 
-17.3041 -5.15379 
-18.2234 -1.96077 
-17.7873 0.00437366 
-16.8303 -7.84067 
-18.2818 4.32371 
-17.9114 -6.46044 
-18.0629 -1.34997 
-17.4901 -6.73038 
-17.5102 -4.03363 
-18.001 -3.2446 
-17.6518 -2.53374 
-17.8388 -5.6379 
-17.2215 -6.90583 
-13.7578 -8.31157 
-17.8496 -1.80463 
-17.7657 -7.25366 
-17.507 -6.60981 
-16.5029 -5.10023 
-18.1088 4.70517 
-17.8212 -2.68322 
-17.8662 -2.06952 
-17.8211 -6.01266 
-18.032 -0.332081 
-17.1543 -3.10077 
-17.2132 -0.010362 
-17.7604 -2.07215 
-17.8434 -4.90194 
-17.8085 -5.21799 
-17.6705 -2.87636 
-17.5672 -6.54339 
-17.0852 -6.34138 
-17.8975 2.7849 
-17.931 -2.95965 
-16.7979 -0.704643 
-17.6811 -2.82696 
-17.95 1.22688 
-17.7414 -7.66539 
-17.6637 -2.75283 
-17.6131 0.101095 
-15.5572 -9.04385 
-18.011 2.68423 
-16.5554 -6.29924 
-17.3631 -2.79055 
-17.0666 -6.32918 
-18.1242 3.93973 
-17.9362 1.2092 
-17.4139 -2.14372 
-17.8925 -6.28207 
-17.6615 -5.43371 
-17.5957 -4.40423 
-17.8364 -5.67406 
-17.8054 -5.8306 
-18.1441 3.57677 
-17.3019 -8.40437 
-17.9027 -4.67589 
-18.2431 1.20275 
-17.9871 -2.87526 
-17.5452 -1.62068 
-17.7494 1.85977 
-17.9062 5.28188 
-17.2348 -5.50684 
-18.2401 -4.14279 
-17.619 -4.24166 
-17.6233 -2.52471 
-17.3547 -7.17832 
-17.9544 -1.39407 
-17.6303 -3.68624 
-17.2825 -3.5119 
-18.0608 -2.01742 
-17.3268 -8.95755 
-18.0179 5.2618 
-17.8434 1.44059 
-17.7362 -6.19229 
-12.535 -11.8158 
-17.9864 5.26051 
-16.7907 -5.45744 
-17.7463 -3.64314 
-18.0834 -4.08261 
-17.7085 -1.7719 
-17.7858 -6.4959 
-17.8695 -4.95483 
-17.9298 -7.92075 
-16.817 -6.19641 
-17.4468 -2.32103 
-16.7069 -7.19352 
-18.5218 -2.52085 
-17.3609 -5.8418 
-17.9553 -5.50467 
-17.4638 -3.27948 
-13.0298 -7.59849 
-17.9398 3.86249 
-17.8987 -5.51762 
-17.9043 -4.68 
-17.9941 1.3364 
-18.0268 -3.54696 
-16.9212 -6.69495 
-17.5167 -6.41709 
-17.9942 -4.43861 
-17.8561 -1.93291 
-17.9378 3.71662 
-17.9716 4.60906 
-16.943 -3.19119 
-16.1975 -6.12258 
-18.0464 -2.39685 
-17.5514 -4.82243 
-17.9085 -5.03445 
-17.8373 2.17587 
-15.2284 -9.28347 
-16.9537 -4.51837 
-16.5266 -9.87585 
-17.2248 -0.947575 
-16.8949 -6.0595 
-17.9391 -6.11184 
-17.746 -5.83932 
-17.5229 -8.2261 
-17.6693 3.60565 
-17.7342 -6.45954 
-17.6192 -4.67133 
-17.5529 -5.59271 
-17.8518 -1.28145 
-17.6985 -5.9182 
-17.9979 -3.6475 
-18.2052 -0.0839011 
-18.016 -5.7982 
-17.8397 -4.94239 
-17.1186 -7.64858 
-17.9553 -4.58127 
-17.3413 -4.87945 
-17.9766 3.66526 
-18.2765 3.93922 
-17.8678 0.712914 
-18.0387 0.104018 
-17.8805 2.66678 
-16.4187 -8.25443 
-18.4633 -1.00558 
-16.9609 -5.01128 
-17.6806 -7.10607 
-17.6312 -4.31856 
-13.2621 -11.7518 
-17.9891 5.3529 
-17.69 -0.463067 
-17.8614 3.0043 
-18.1742 -3.16941 
-13.0624 -8.84415 
-13.5492 -9.9647 
-17.2847 -4.63014 
-16.9934 -3.81846 
-17.5965 -5.84454 
-18.0091 -3.44277 
-17.8801 -5.09024 
-17.0083 -6.70005 
-17.8366 -5.37398 
-3.79331 -8.75315 
-17.6601 -7.70253 
-18.2002 -0.0833276 
-17.3973 -3.24285 
-18.046 -4.24943 
-17.9049 -5.29643 
-15.2659 -6.88915 
-17.5504 -3.20591 
-17.9967 1.16191 
-17.7852 -3.31757 
-18.0412 -5.15303 
-17.0022 -2.48842 
-17.8717 5.66187 
-15.116 -5.51207 
-17.6139 -5.07931 
-11.2094 -13.9734 
-15.4125 -8.16865 
-17.8586 -8.21134 
-17.3379 -6.20637 
-17.4576 -4.60433 
-18.0865 -0.980561 
-17.8661 1.31576 
-16.1631 -3.64303 
-15.9345 -10.2887 
-17.1077 -1.58466 
-18.0075 -3.01428 
-17.2151 -6.80789 
-18.344 -1.18144 
-17.2599 -5.32579 
-16.9615 -9.27406 
-17.3219 -4.35143 
-17.2359 -4.47296 
-17.9929 -0.705247 
-17.4015 0.903478 
-17.8091 -1.49417 
-17.8743 -1.19288 
-17.797 -4.26152 
-18.1818 3.80281 
-17.1908 -7.90988 
-17.7478 -7.53421 
-15.2299 -8.41635 
-17.8576 -3.34838 
-18.0241 3.41441 
-17.7164 -8.39195 
-18.0057 -5.07583 
-18.0085 -4.62431 
-18.0618 -4.21687 
-18.3029 0.755482 
-17.848 -0.0185658 
-17.881 -6.68525 
-17.522 -8.58212 
-18.2163 -4.30423 
-17.9968 5.23798 
-17.7593 -4.02803 
-17.9218 -4.28417 
-17.7989 -0.379437 
-18.1104 -5.94728 
-15.6179 -9.43835 
-17.4939 -7.43861 
-17.9814 -5.2113 
-17.1647 -1.57292 
-17.9686 4.46449 
-4.02686 -8.32527 
-17.9359 2.83667 
-17.5349 -5.65001 
-17.4277 -5.41696 
-17.6383 -2.87409 
-17.3184 -5.55542 
-18.0343 -6.26552 
-16.828 -7.44197 
-18.0587 0.643716 
-17.4928 -4.81323 
-16.395 -3.26208 
-17.5211 -8.64812 
-17.6535 -7.67827 
-16.3603 -6.72181 
-18.4331 0.292439 
-17.4796 -5.87584 
-17.73 -2.38072 
-17.986 -3.35594 
-17.7072 -2.87753 
-17.8653 0.127318 
-17.4036 -2.98193 
-17.5669 -2.15468 
-18.1164 0.78686 
-14.9462 -8.49737 
-17.9577 5.2576 
-17.693 -0.00535666 
-17.5792 -1.18697 
-17.3932 -4.42941 
-17.7751 -6.22852 
-17.752 5.78106 
-17.8016 -4.76607 
-17.1713 -5.86821 
-18.078 -0.956659 
-17.6691 -5.91681 
-17.353 -4.74435 
-18.2061 1.94415 
-17.5073 0.947369 
-16.9326 -4.0424 
-17.9112 1.91442 
-17.837 0.967138 
-18.3533 0.642504 
-17.8859 -0.463016 
-17.9934 0.71987 
-17.2917 -2.81801 
-18.0339 5.31134 
-18.1042 -1.58198 
-17.6095 1.45479 
-18.0057 -0.699216 
-18.082 -4.77481 
-17.2474 -7.58135 
-17.7855 0.968337 
-17.833 3.66627 
-17.9964 3.68329 
-16.4247 -7.18347 
-18.4135 -1.47079 
-18.4557 -1.43751 
-18.2018 -1.23964 
-17.7574 0.840521 
-17.5253 -4.81042 
-17.0564 -4.97484 
-14.7378 -10.9747 
-17.9296 -5.10146 
-15.6521 -6.92831 
-15.591 -7.12467 
-16.3917 -6.13736 
-17.8355 0.961325 
-18.0641 3.95133 
-16.0479 -8.19256 
-16.8316 -6.27398 
-18.0953 2.32426 
-18.4814 2.09658 
-18.0499 -2.66822 
-17.9662 -5.09276 
-17.6787 -4.35997 
-18.1496 4.73423 
-17.5891 -8.1481 
-18.2318 -3.87651 
-18.1799 -5.40973 
-17.0475 -8.57805 
-16.815 -9.48885 
-18.2702 -1.06748 
-3.50048 -4.91615 
-17.9424 3.28383 
-17.9983 5.47086 
-16.6043 -6.24278 
-17.9328 -5.23957 
-17.4745 -5.7573 
-17.1948 -2.02074 
-17.9011 2.8683 
-18.3312 -2.73491 
-16.1293 -9.34439 
-17.3426 0.692415 
-11.183 -11.2799 
-17.9954 -5.45811 
-17.7303 -4.79999 
-17.6633 -3.81387 
-17.7133 -4.70843 
-15.8179 -8.05644 
-14.5621 -5.35913 
-17.633 2.78142 
-18.0152 -5.14861 
-17.1272 -1.59685 
-17.4278 0.339756 
-16.5644 -7.397 
-18.1715 5.04859 
-17.3065 -7.04715 
-17.5668 -2.96227 
-17.9882 3.47313 
-17.7273 -3.62781 
-16.2296 -3.36303 
-17.7774 0.252915 
-15.624 -11.186 
-17.9681 1.84746 
-17.8969 -3.70379 
-18.0107 -1.80253 
-16.0826 -10.2128 
-17.3411 -4.33973 
-17.9548 0.801891 
-17.9886 -7.67672 
-18.0682 -4.14378 
-17.5625 -8.35111 
-17.9103 2.26527 
-17.932 4.13122 
-17.5989 -2.77688 
-17.4478 -7.11409 
-17.9408 -1.67901 
-17.4415 -3.69913 
-17.4883 -3.3248 
-18.2106 2.84842 
-16.7382 -7.86548 
-18.0901 0.462794 
-18.0284 4.80228 
-18.0062 -1.192 
-18.0502 -2.60453 
-18.2043 -0.876766 
-18.1043 -5.70517 
-18.0275 -4.99365 
-17.5864 -5.07362 
-17.7882 -4.77494 
-17.8963 -5.31575 
-17.85 -8.51966 
-17.5077 -7.91484 
-17.831 -7.90243 
-18.1378 0.66365 
-17.8585 -0.0682837 
-18.014 5.0565 
-18.0373 5.1325 
-18.2341 3.01061 
-17.9801 5.0415 
-18.1045 1.58778 
-18.2 4.57833 
-18.2222 1.73833 
-18.3804 0.0931944 
-18.0404 4.4088 
-18.5061 -2.12954 
-18.147 5.02166 
-18.0179 5.36435 
-17.9805 2.94355 
-17.3889 -0.124725 
-17.971 4.19162 
-17.7195 -1.30602 
-17.8975 3.83336 
-17.9925 4.94259 
-17.7594 0.134171 
-17.8811 3.75173 
-18.362 -1.24649 
-18.1391 2.98759 
-17.6115 -2.2585 
-17.9487 0.0800273 
-18.2259 3.45859 
-17.958 4.91698 
-18.1274 3.07742 
-17.589 -3.6581 
-17.9582 -2.10312 
-17.9456 -3.87517 
-18.4661 3.62731 
-18.2524 5.16018 
-18.0272 3.6589 
-18.0082 5.47085 
-17.956 0.0891014 
-17.8754 -2.25976 
-18.2102 5.06113 
-17.7421 -3.74622 
-17.5352 -6.07603 
-17.7103 -2.93655 
-18.1819 -1.16141 
-17.9155 -4.66867 
-17.1506 -8.91789 
-17.9863 -3.02981 
-18.3178 -4.27105 
-18.0885 -1.97547 
-18.4512 -2.35144 
-18.0715 -4.4723 
-17.6615 -9.14412 
-18.0694 -5.64481 
-18.1203 2.8651 
-17.9042 -0.687425 
-17.8348 3.01108 
-17.676 -8.91992 
-18.0377 3.8253 
-18.0679 5.2154 
-18.0397 3.52414 
-18.0881 -4.17092 
-18.1702 5.51142 
-18.242 -4.70742 
-18.0204 -3.74915 
-18.0168 5.46521 
-18.3714 0.133554 
-17.6742 -2.58262 
-17.2878 -5.15864 
-17.7097 -2.35142 
-17.5423 -3.52793 
-17.5318 -4.0831 
-18.1461 -2.26714 
-17.2314 -3.56332 
-17.9194 -3.66395 
-18.0105 0.956747 
-17.8036 -3.62007 
-17.8151 -4.96135 
-17.5627 -1.02078 
-18.0635 -4.99944 
-17.2185 -4.00727 
-17.9718 5.15535 
-17.1141 -3.76981 
-17.9498 1.44357 
-17.1079 -2.34797 
-17.6481 -3.92048 
-17.4517 -4.02958 
-17.4887 -4.16629 
-17.6397 -3.28482 
-17.6576 -4.10293 
-17.9193 0.490619 
-17.8738 1.19335 
-17.9011 0.733345 
-18.0327 5.27285 
-18.0727 5.06386 
-17.984 -1.52654 
-18.067 4.69786 
-18.5535 -2.19004 
-18.1033 5.17503 
-17.9938 -0.431814 
-17.8864 2.31171 
-18.1564 5.34771 
-18.4346 3.41913 
-18.3163 0.823477 
-17.9758 -4.24726 
-17.5619 -5.68895 
-17.8949 0.836597 
-17.9986 -5.2369 
-17.8151 -6.78582 
-17.5881 -6.8909 
-17.5849 -6.095 
-17.2109 -6.59471 
-17.312 -7.73943 
-17.9329 -4.65678 
-18.0835 0.195203 
-17.9971 -5.86643 
-17.6379 -9.0048 
-18.0987 -1.27586 
-18.3239 0.994677 
-18.2551 3.78127 
-18.2198 0.268294 
-18.0299 4.08784 
-18.225 4.24822 
-18.1591 5.43091 
-18.016 5.1646 
-18.031 4.98305 
-17.8069 -7.23045 
-18.0581 5.6125 
-18.0174 5.32777 
-17.6132 -5.69624 
-17.9454 3.54098 
-17.4657 -4.53235 
-15.8985 -9.02465 
-5.73376 -10.3333 
-6.58959 -10.7195 
-9.39524 -11.3095 
-15.6071 -3.26625 
-14.2911 -8.71015 
-17.6565 3.40582 
-17.9474 5.31937 
-18.1907 5.49547 
-18.0068 5.09641 
-17.6129 -2.19705 
-17.4766 1.00237 
-18.0164 5.16499 
-17.7258 1.26026 
-18.0331 0.0350518 
-18.0562 4.5947 
-17.8153 0.159887 
-17.8569 -1.05135 
-17.9692 4.0385 
-17.531 -4.71884 
-18.0092 5.16169 
-17.9177 2.73528 
-17.9189 1.91097 
-17.5695 -6.63419 
-17.338 -1.52107 
-18.2867 3.39403 
-17.5635 -3.23779 
-18.1221 -0.968395 
-17.9482 4.35817 
-17.5211 -5.34889 
-17.5296 -5.67419 
-17.5257 -4.55063 
-17.4095 -6.61144 
-17.842 -7.20224 
-17.3795 -7.83844 
-16.2022 -6.63765 
-18.168 -3.96007 
-17.5186 -5.33566 
-17.8649 -7.46665 
-17.3126 -9.07592 
-17.6697 -6.97542 
-18.3846 -3.86746 
-18.1926 2.23741 
-17.9083 2.05479 
-17.962 2.46861 
-18.0469 0.928157 
-18.4595 -1.97474 
-17.8982 -6.47548 
-17.8201 -1.13638 
-18.0208 5.27789 
-18.0106 4.7614 
-17.2662 -7.11708 
-17.6266 -4.98803 
-18.0674 2.13821 
-18.3749 -3.50253 
-17.8461 -5.0598 
-17.8455 -6.64986 
-17.6649 -3.7553 
-17.9429 -3.06491 
-17.5934 -5.05846 
-17.8993 -6.24317 
-17.2038 -8.27782 
-17.8437 -5.83412 
-17.6809 -7.92745 
-18.2799 3.63981 
-18.0433 4.71584 
-17.9706 4.5109 
-18.0233 4.9552 
-18.1697 4.85232 
-18.2535 3.15402 
-17.7427 -0.729173 
-18.0979 4.8397 
-17.1338 -3.65735 
-18.0473 4.55497 
-18.05 4.86229 
-18.103 5.07664 
-17.9214 -4.4056 
-18.0353 -6.41647 
-17.9589 -4.87935 
-17.9764 -7.43985 
-17.8568 -5.27318 
-18.2949 3.05803 
-18.2648 3.06998 
-18.5162 -0.291564 
-17.9745 -4.74377 
-18.1353 -5.73745 
-18.205 2.34805 
-18.0085 4.37696 
-16.8881 -8.67299 
-17.9899 5.54299 
-18.0064 5.42588 
-18.023 5.1744 
-18.1002 2.40441 
-17.5837 -8.40391 
-18.2674 2.48668 
-18.2028 0.367247 
-17.8487 -5.89966 
-17.9723 4.52706 
-18.0753 1.53928 
-17.8632 -5.00693 
-18.0175 4.73298 
-17.7994 0.905164 
-17.9719 4.62347 
-17.8739 2.82222 
-18.0173 4.0018 
-17.9441 3.71845 
-17.8944 3.21828 
-18.0282 4.63345 
-18.0034 3.0231 
-17.4734 -3.43823 
-17.7692 -2.71135 
-17.3234 -5.5661 
-17.8754 0.862806 
-17.8741 4.36663 
-17.552 -3.28457 
-17.9605 -1.46089 
-13.8047 -8.81557 
-16.2991 -6.69496 
-14.9493 -5.30839 
-17.8862 -3.95723 
-17.5279 -4.30691 
-18.0247 4.94955 
-17.8169 -3.58325 
-17.5972 -5.65626 
-18.0091 4.69844 
-17.9607 -7.79725 
-18.0009 3.40462 
-17.9816 2.40414 
-18.5612 -1.16031 
-17.9178 1.01221 
-18.2905 0.904454 
-18.4969 1.58412 
-18.1926 3.01886 
-17.063 -8.17853 
-17.6468 -2.27424 
-17.5223 -3.66698 
-17.9657 4.06388 
-18.17 2.81947 
-17.9154 2.05977 
-17.5205 -5.74756 
-17.7239 -7.88564 
-18.1872 -0.175611 
-18.1614 -2.93624 
-17.8291 -3.30595 
-18.1635 2.3214 
-18.055 5.5429 
-18.1882 -4.54666 
-18.1141 -1.9297 
-18.32 0.54623 
-18.2111 1.95768 
-17.7815 -2.17264 
-17.9481 2.5806 
-18.2447 -4.39977 
-18.338 -0.753672 
-17.6635 -8.16439 
-18.2048 -1.47628 
-18.1455 2.69504 
-18.1257 -2.48146 
-18.0162 4.90003 
-17.5372 -0.267652 
-18.2256 4.73384 
-18.0542 3.34014 
-17.8415 0.323413 
-18.335 0.26144 
-18.0079 5.47074 
-17.0523 -1.49838 
-17.9926 3.20969 
-17.9309 1.31898 
-18.0433 4.00318 
-18.3982 3.31177 
-18.1684 4.84905 
-18.0004 5.11603 
-18.0264 5.04042 
-18.009 5.03903 
-17.7507 -0.596565 
-17.9967 5.15944 
-18.1961 5.2826 
-18.0332 5.06004 
-18.0453 3.27826 
-17.8886 3.23417 
-18.2121 2.00242 
-17.4299 -2.22104 
-18.369 3.38483 
-18.1553 4.45327 
-17.9994 5.54558 
-18.0881 4.77913 
-18.0742 5.32704 
-18.2717 4.39507 
-17.991 5.58753 
-18.2381 4.23142 
-18.0574 5.01977 
-17.6437 -3.34614 
-18.0001 4.69321 
-18.2636 5.33478 
-17.9641 3.3189 
-17.8361 -6.73909 
-17.7583 -8.2558 
-17.9296 -6.88112 
-17.9347 -6.56463 
-17.622 -5.84699 
-17.8784 -7.26993 
-17.8204 -5.15247 
-18.0181 5.43995 
-17.8685 -6.44674 
-18.1463 -5.71267 
-18.089 1.56836 
-17.0837 -1.54581 
-17.3424 0.14382 
-18.0875 -1.1997 
-18.3071 -2.73843 
-18.2561 -3.43972 
-18.2714 4.63074 
-18.4148 4.26296 
-18.3248 5.14968 
-18.3555 4.21109 
-18.2428 0.164586 
-18.2714 -0.482316 
-18.0965 -5.19264 
-18.191 -4.27941 
-18.4872 -2.23757 
-18.5666 -1.83728 
-17.9306 -6.75889 
-18.0296 -4.0649 
-18.3061 2.21875 
-17.9058 -7.96088 
-18.002 -6.36828 
-17.9336 -4.90786 
-17.6453 -5.37992 
-17.4656 -8.08451 
-18.1772 1.81187 
-18.2192 0.981865 
-18.0093 5.36259 
-18.163 -5.94928 
-18.1674 4.20159 
-18.3137 3.02395 
-18.1969 3.91066 
-18.0766 2.87897 
-18.2681 1.2917 
-18.0384 4.74571 
-17.9909 3.85731 
-18.1614 2.37538 
-17.9964 3.41295 
-18.3315 0.0840841 
-18.2661 1.50333 
-17.6791 -7.57513 
-18.0076 5.18686 
-17.6397 -2.85024 
-18.0118 4.07916 
-18.0297 2.64122 
-18.0045 0.881843 
-18.0062 5.27752 
-17.9192 2.74738 
-17.5505 -3.2391 
-17.8394 0.775882 
-17.4818 -1.69162 
-17.343 -5.04781 
-18.0399 1.15295 
-18.1402 2.63052 
-17.0245 -7.37352 
-17.3458 -6.2548 
-17.311 -7.60597 
-17.1453 -6.84182 
-17.5498 -6.72931 
-17.6762 -4.46117 
-17.4904 -7.43245 
-17.8379 -8.23717 
-17.5329 -5.69602 
-17.6981 -6.02731 
-17.597 -8.11447 
-17.5606 -8.23986 
-17.999 3.70375 
-18.0088 5.50986 
-17.9169 2.38246 
-17.8499 2.93438 
-17.8713 2.72612 
-17.7862 1.73415 
-17.7432 -1.17208 
-17.9957 4.74581 
-17.8664 3.35887 
-17.8502 2.87516 
-18.058 4.12268 
-16.389 -5.67965 
-12.8342 -10.3017 
-17.5368 -5.94193 
-17.6515 -5.43077 
-17.619 -7.12169 
-18.3307 -1.30069 
-17.7528 -5.73062 
-18.0868 -5.85508 
-17.6226 -5.95265 
-17.1277 -5.42484 
-17.1769 -5.36477 
-17.9318 -3.1733 
-17.8714 -4.63707 
-17.869 -8.06611 
-17.4327 -5.38883 
-17.7908 -3.39394 
-17.8486 -5.80891 
-18.0363 -6.30633 
-18.3667 -1.70248 
-17.644 -8.31754 
-17.6086 -3.10225 
-17.4357 -5.39853 
-18.0186 4.97935 
-16.7965 -8.38979 
-17.63 -6.21476 
-18.1925 1.93872 
-18.2387 1.83213 
-17.961 -7.9708 
-18.0406 -4.82791 
-17.904 3.64652 
-18.1929 2.05003 
-17.6381 -7.83062 
-18.1966 1.76697 
-17.9455 3.55219 
-17.7314 -1.66493 
-17.6627 -7.22738 
-17.4153 -3.37994 
-16.4726 -8.94578 
-17.5387 -4.58763 
-18.3403 -2.80487 
-18.0027 3.09295 
-17.9885 -4.38579 
-18.0425 2.0101 
-18.139 -1.66006 
-17.9814 -1.00376 
-18.0503 4.62293 
-17.7984 1.83005 
-17.9003 2.0556 
-18.0602 4.53199 
-17.6663 -5.37583 
-18.0287 3.84901 
-18.1656 -2.92346 
-17.657 -7.80537 
-18.0063 4.03486 
-18.1073 1.09088 
-18.272 2.75839 
-17.9577 4.65018 
-18.0823 3.02336 
-18.0466 4.34973 
-17.9959 3.33489 
-17.5306 -1.51813 
-16.6279 -1.80184 
-16.413 -10.3329 
-17.5174 -7.91214 
-17.9784 1.66354 
-17.3332 -4.30751 
-17.897 2.24574 
-18.142 3.44178 
-17.8442 0.401637 
-17.0771 -8.35767 
-17.456 -6.16316 
-17.7133 -5.03515 
-18.2027 -0.959592 
