-17.9855 5.65872 
-17.7304 6.70511 
-17.8984 5.97266 
-17.9861 5.71523 
-18.051 5.61155 
-18.2234 5.31826 
-17.7115 6.73458 
-17.7496 6.70916 
-17.6284 6.59998 
-17.2337 4.84996 
-18.3589 5.1458 
-18.0289 5.5863 
-18.2554 5.01709 
-17.69 6.59715 
-17.9686 5.69424 
-17.9418 5.28721 
-17.9106 5.76203 
-18.3225 5.28264 
-17.0515 4.9539 
-17.7959 6.03979 
-18.0297 5.74826 
-18.0874 5.7312 
-17.8995 5.94554 
-17.6737 6.80942 
-17.037 4.57267 
-18.178 5.78209 
-17.9891 5.64874 
-18.455 4.02477 
-17.9622 5.70349 
-18.0759 5.26257 
-18.032 5.52449 
-17.4214 3.05199 
-16.4081 5.41121 
-17.8517 6.29256 
-17.5115 6.51192 
-17.9934 6.05616 
-17.9943 5.61198 
-17.7738 2.44805 
-17.844 5.8451 
-17.9161 5.77441 
-17.422 5.50696 
-18.3046 5.10134 
-17.7356 6.69177 
-17.9111 5.73229 
-17.4509 6.37844 
-17.9592 5.12771 
-17.7151 6.69079 
-18.3955 3.86196 
-18.1673 3.9279 
-17.4747 6.15213 
-17.6369 6.37812 
-17.9323 5.76336 
-17.934 5.11619 
-17.5499 6.51219 
-17.6704 6.49163 
-17.9119 5.85733 
-17.8684 5.01327 
-17.9641 5.67211 
-17.3581 6.14559 
-18.1653 3.0898 
-17.9718 5.69044 
-17.9278 5.46808 
-17.6326 6.65108 
-17.9031 5.39341 
-17.337 6.12182 
-18.2197 5.47547 
-17.9029 5.8201 
-17.7056 6.63802 
-18.0113 6.17129 
-17.9586 5.70097 
-17.3269 4.47964 
-17.4532 6.39332 
-17.957 5.6993 
-17.9656 5.65195 
-17.7567 6.6212 
-17.9666 5.69037 
-18.542 3.62563 
-18.3146 5.06935 
-17.9769 4.89659 
-17.3072 5.58282 
-17.5094 6.52448 
-17.6884 6.24579 
-17.9013 5.8009 
-17.9611 5.63849 
-17.9697 5.68706 
-18.2323 5.28188 
-17.2493 5.31653 
-17.9458 5.70641 
-17.7452 6.0652 
-17.5865 6.38643 
-17.7937 6.60712 
-18.0568 5.46623 
-18.0046 5.3959 
-17.9425 5.73231 
-18.5636 5.31919 
-17.9977 5.39279 
-17.9539 5.68779 
-17.9522 5.28078 
-17.9815 5.55666 
-18.2935 4.34148 
-17.9443 5.80812 
-17.3533 5.98691 
-17.2515 5.81391 
-17.3547 5.84565 
-17.9586 5.71203 
-18.0409 5.42174 
-17.9652 5.6904 
-17.1103 5.00901 
-17.9618 5.23887 
-18.2347 3.48748 
-17.9388 5.727 
-17.9071 5.78165 
-17.8842 6.30542 
-17.9122 5.83577 
-17.9415 5.85562 
-17.6224 5.86209 
-18.1992 4.4595 
-17.9212 5.34576 
-17.9809 5.59205 
-18.0274 5.55472 
-18.0952 5.66742 
-17.9102 5.93713 
-17.9339 5.21369 
-17.6847 6.66273 
-17.7269 6.60632 
-17.6858 6.67626 
-18.0659 5.79301 
-17.9115 5.78749 
-17.7788 6.63995 
-17.982 5.67196 
-18.007 5.40736 
-18.2743 5.40215 
-18.3103 5.01434 
-18.022 5.65133 
-17.9785 5.6263 
-17.2422 6.05748 
-17.968 5.67152 
-17.34 5.38721 
-18.2104 4.3941 
-18.179 5.60719 
-17.5162 6.77261 
-18.0215 5.12952 
-17.906 5.80073 
-16.7422 6.11093 
-17.612 6.52424 
-17.5416 6.51871 
-17.9203 6.00941 
-17.7665 6.58053 
-17.9432 5.76153 
-17.7381 6.60705 
-17.9928 5.62345 
-17.9568 5.09066 
-18.2851 5.1776 
-18.4377 3.15442 
-17.9988 5.67386 
-17.9361 5.69881 
-17.561 6.30813 
-17.6806 6.6223 
-17.9194 5.63241 
-17.6528 6.71711 
-17.8786 6.46071 
-17.9297 4.95659 
-17.8797 5.87251 
-18.0401 5.18925 
-18.494 4.09984 
-17.8129 6.43992 
-17.394 6.14537 
-17.0845 5.61037 
-17.8939 5.72081 
-18.3143 5.26273 
-17.9671 5.66617 
-18.0315 5.39037 
-17.9724 5.69073 
-18.0034 5.64312 
-17.7698 6.72311 
-17.3705 6.17221 
-17.9693 5.52765 
-17.9418 5.71661 
-18.086 5.70725 
-18.0699 5.53015 
-17.9811 5.23757 
-17.9542 5.61338 
-17.9844 5.65742 
-17.9379 5.79619 
-17.9795 5.64057 
-17.9468 5.58311 
-17.9239 5.71375 
-17.9419 5.7131 
-17.9935 -0.520439 
-18.2328 5.43269 
-18.0991 5.47492 
-18.0048 5.44615 
-18.2928 5.15875 
-17.5052 6.59759 
-17.9621 5.66689 
-17.6037 6.31553 
-17.3376 6.04429 
-17.2683 5.99693 
-18.0082 6.19483 
-18.072 5.88917 
-17.9869 5.57221 
-17.943 5.70973 
-17.9733 5.4612 
-17.9042 5.65367 
-17.0623 5.16378 
-17.993 5.46008 
-17.1344 1.29287 
-18.1658 5.4534 
-17.9634 5.36685 
-17.9739 5.68393 
-18.2477 5.29011 
-17.9607 5.60347 
-17.6231 6.66604 
-18.1368 3.45608 
-17.9843 5.38842 
-18.1757 5.38799 
-17.3317 6.66326 
-17.2983 5.70946 
-17.984 5.64473 
-17.9965 5.64104 
-18.0259 5.66339 
-17.6884 6.6457 
-17.9816 5.68862 
-17.9884 5.64784 
-17.1803 4.01169 
-18.2453 2.24808 
-17.9752 5.68054 
-17.9543 5.71762 
-17.9593 5.69108 
-17.7727 6.68482 
-18.4552 3.52691 
-17.5813 6.45987 
-17.7116 6.54993 
-17.99 5.58574 
-17.9508 5.42991 
-17.8295 5.97243 
-18.1375 5.15614 
-17.5866 6.53836 
-17.716 6.65341 
-17.9558 5.701 
-18.1125 3.91075 
-17.6701 6.43907 
-17.9153 5.77462 
-18.0131 5.54471 
-18.1004 5.79562 
-18.2206 2.52524 
-17.9766 5.67093 
-17.9875 5.59859 
-18.1724 5.50189 
-17.9597 5.7084 
-17.9234 5.7148 
-17.3824 6.16188 
-18.3446 3.49717 
-17.6602 6.21639 
-17.9819 5.68109 
-17.9717 5.65467 
-18.1897 5.48 
-17.6225 6.32438 
-17.9025 5.76753 
-17.3781 4.87243 
-18.0514 6.17854 
-16.9467 5.92802 
-17.9878 5.49243 
-18.1888 5.78122 
-18.0485 5.53201 
-17.8696 4.72315 
-18.0148 5.56836 
-18.0005 5.47414 
-18.166 5.65721 
-17.2396 5.58696 
-18.1427 5.78254 
-17.7075 6.74917 
-17.8127 6.22322 
-17.2778 4.90322 
-17.9884 5.66336 
-17.693 6.24739 
-17.8593 6.44037 
-17.9089 5.77114 
-17.4835 6.52319 
-18.1392 5.54205 
-18.5469 5.32513 
-17.9618 5.616 
-17.0563 4.65294 
-17.571 4.71311 
-17.7772 6.6394 
-17.9514 5.71654 
-17.9486 5.54088 
-17.9955 5.23055 
-17.9761 5.67568 
-18.0101 5.53693 
-17.8877 6.04589 
-18.0958 5.97555 
-17.9111 5.55743 
-17.9693 5.8396 
-17.8234 5.95603 
-18.0367 5.00933 
-17.9015 5.7835 
-17.8548 5.85922 
-18.0112 3.43793 
-17.9656 5.71431 
-17.9824 5.75532 
-17.5491 5.5906 
-18.4921 3.91907 
-18.2381 5.38507 
-17.9669 5.71348 
-17.9707 5.69437 
-17.5964 1.88966 
-17.9876 5.09798 
-17.9201 5.90213 
-18.4747 5.35784 
-17.8612 6.29694 
-17.5731 6.14518 
-17.808 6.17864 
-17.9805 5.49039 
-18.0851 6.16178 
-18.1809 5.54003 
-17.7519 6.60959 
-17.8541 5.87488 
-17.8235 1.43918 
-17.9069 5.83607 
-17.6045 6.76036 
-17.9831 5.63661 
-18.419 4.00653 
-17.9403 5.70299 
-17.9892 5.89182 
-17.9642 5.39068 
-17.9188 5.3504 
-17.9653 5.7063 
-17.7284 6.59039 
-17.6837 6.69212 
-17.9577 5.67353 
-17.9584 5.46998 
-18.0845 5.52533 
-17.6703 5.69758 
-18.1043 4.70721 
-17.9552 5.68673 
-17.7222 6.62219 
-17.9548 5.8654 
-17.8875 6.03817 
-17.9904 5.47244 
-18.0485 5.38195 
-17.962 5.70168 
-17.4985 6.41189 
-17.981 5.47707 
-16.9353 4.74994 
-17.1363 4.73809 
-17.5532 6.53362 
-18.1141 5.76874 
-17.5969 6.43 
-17.6127 6.56324 
-17.9633 5.74275 
-17.9588 5.65323 
-18.4297 5.22299 
-17.6688 3.12429 
-18.1152 5.96168 
-17.8009 5.94719 
-17.0498 5.31412 
-17.9353 5.72458 
-17.7633 6.66118 
-17.757 6.11047 
-17.7949 6.43635 
-17.9352 5.6901 
-17.9775 5.67653 
-17.8977 5.31566 
-17.5035 6.1555 
-17.3055 5.98412 
-17.9614 5.69505 
-17.8444 6.06005 
-17.3568 5.67239 
-18.0003 3.87943 
-17.6494 6.64669 
-17.6081 6.54357 
-17.9078 6.1801 
-17.4476 6.34071 
-17.4704 6.6626 
-17.9923 5.60836 
-17.9841 0.110934 
-17.8055 6.58126 
-17.3383 5.32312 
-18.4911 3.25741 
-17.3304 5.78794 
-18.1996 5.43184 
-17.8431 6.03551 
-18.2625 4.72647 
-17.8325 6.02848 
-17.2534 5.80734 
-17.9903 5.58972 
-18.0149 5.48716 
-17.9697 5.67992 
-17.9493 5.71567 
-17.6427 6.81241 
-18.4334 4.9299 
-18.079 6.07518 
-17.702 6.71951 
-18.0087 5.56325 
-17.9722 5.63398 
-17.2832 4.97844 
-17.9771 5.57755 
-17.2217 5.45659 
-17.8245 6.45276 
-17.9556 5.71571 
-17.9622 5.66574 
-17.6448 6.72018 
-18.4864 4.39357 
-18.5153 4.10949 
-17.9593 5.70693 
-17.9394 5.47215 
-17.528 6.44995 
-17.2701 4.12655 
-17.9984 5.15439 
-17.9206 5.66885 
-18.1249 5.50537 
-17.9472 5.71334 
-17.979 5.68433 
-17.4392 5.56261 
-17.9905 5.65228 
-18.2976 4.71289 
-17.6883 0.30813 
-17.977 5.61105 
-18.2567 5.45716 
-17.9308 5.71406 
-18.0594 4.37548 
-17.9457 5.7328 
-18.0921 6.03028 
-18.0411 5.55647 
-17.9491 6.24663 
-18.0685 5.85521 
-17.745 6.52657 
-17.2979 6.01125 
-17.9673 5.72157 
-17.8303 4.92617 
-18.0522 5.02977 
-17.5685 6.48498 
-17.9719 5.62694 
-17.9174 5.68041 
-17.5976 6.6222 
-18.5256 5.00669 
-17.898 4.72223 
-17.5036 5.41642 
-17.9213 5.88524 
-17.9949 5.60284 
-17.9155 5.68671 
-17.963 5.58931 
-18.0381 5.70431 
-17.942 5.66307 
-17.9995 5.52377 
-17.6867 6.17201 
-18.3141 3.82404 
-17.5254 6.88411 
-17.953 5.57534 
-18.4807 2.86061 
-17.0195 6.01106 
-17.9387 5.54034 
-17.9348 5.7196 
-17.8582 5.96491 
-17.624 6.64189 
-17.9599 5.70313 
-18.3664 4.54882 
-17.1558 5.41701 
-17.5231 6.43497 
-17.9291 5.23808 
-17.7998 5.07278 
-17.947 5.33023 
-17.955 5.24502 
-17.9423 5.17501 
-17.9404 5.57657 
-17.8888 4.93924 
-17.951 5.4383 
-17.8844 5.28995 
-17.9475 5.46306 
-17.9421 5.11134 
-17.9769 5.56255 
-17.9548 5.44379 
-17.9608 5.44174 
-17.9727 5.66626 
-17.9413 5.38769 
-17.9286 5.45747 
-17.7715 4.67328 
-17.9643 4.62431 
-17.7235 6.66102 
-17.839 5.17365 
-17.8171 5.7856 
-17.9364 5.52957 
-17.8263 5.44113 
-17.9706 5.23065 
-17.9878 5.53178 
-17.9611 5.45128 
-17.9379 5.50435 
-17.9989 5.56316 
-17.9795 5.68814 
-17.9664 5.69676 
-18.1372 5.47951 
-17.968 5.6973 
-17.9735 5.65666 
-17.992 5.59896 
-17.9684 5.69309 
-17.9913 6.02978 
-17.9599 5.71829 
-17.9702 5.69458 
-17.958 5.72442 
-17.9406 6.22344 
-17.9559 5.66166 
-17.9822 5.6773 
-17.7154 6.51004 
-17.9207 5.75826 
-17.9334 5.84626 
-18.1149 5.50982 
-17.9653 5.62626 
-17.8637 6.0246 
-18.0071 6.0626 
-17.9927 5.63911 
-17.9707 5.68223 
-17.985 5.73228 
-17.9675 5.65852 
-18.5615 4.51382 
-18.1453 5.92401 
-18.3004 4.62831 
-18.1552 5.45591 
-18.2376 5.28245 
-17.9655 5.70402 
-18.3354 5.5405 
-18.4647 4.81426 
-17.7662 6.56309 
-18.2376 5.59188 
-17.9999 5.58298 
-17.1277 5.24863 
-17.9557 6.24849 
-17.9682 5.69688 
-18.0354 5.66535 
-17.9481 5.73567 
-17.4407 6.11028 
-17.637 6.71404 
-17.4588 5.95128 
-17.6133 6.15351 
-17.4441 6.00395 
-17.6683 6.67949 
-17.7476 6.58326 
-17.9668 5.68774 
-17.9506 5.71314 
-17.9156 5.84897 
-17.9698 5.67271 
-17.9572 5.50682 
-17.977 5.62909 
-17.9777 5.78106 
-17.9629 5.70384 
-17.9863 5.62844 
-17.988 5.62525 
-17.9963 5.63064 
-18.0953 6.05817 
-17.9839 5.78043 
-17.9122 5.35989 
-17.9879 5.43302 
-17.977 5.68083 
-17.9866 5.65286 
-18.238 3.50311 
-18.1706 5.52068 
-18.0263 5.66488 
-18.5413 4.72465 
-17.7976 6.53012 
-17.6541 6.33093 
-18.0984 5.85365 
-17.8036 6.37522 
-17.5051 5.19825 
-18.3795 4.94067 
-18.2201 5.34092 
-18.2155 3.97515 
-18.0763 6.00552 
-17.8062 6.50177 
-18.1863 5.58865 
-17.2976 4.85137 
-17.6678 6.33962 
-18.3896 4.78448 
-17.9837 5.52447 
-17.9961 5.34927 
-17.982 5.63538 
-17.959 5.83937 
-17.9772 5.67765 
-17.9476 5.76458 
-17.9508 5.79237 
-17.8175 6.58502 
-17.7649 6.70732 
-17.9243 5.84025 
-17.947 5.86222 
-17.9641 5.47424 
-17.9971 5.62586 
-17.992 5.51582 
-17.9504 5.72058 
-17.9695 5.69865 
-17.9802 5.67451 
-17.9926 5.57682 
-17.9799 5.66594 
-17.5434 6.28402 
-17.9234 5.83768 
-17.949 5.71965 
-17.9789 5.54291 
-17.9856 5.63241 
-17.9741 5.67707 
-17.972 5.69538 
-17.9685 5.71246 
-17.9346 5.91682 
-17.9697 5.69117 
-17.981 5.69977 
-17.9916 5.63005 
-17.9586 5.66929 
-18.194 5.25151 
-18.007 5.60076 
-18.1058 5.49131 
-17.9678 5.68216 
-17.9971 5.63068 
-18.0397 5.55668 
-17.8527 5.94623 
-17.9465 5.74659 
-17.971 5.661 
-17.9813 5.60206 
-17.9774 5.65216 
-17.9869 5.19256 
-17.9853 5.11335 
-17.9786 5.6805 
-17.9808 5.65009 
-17.9567 5.47542 
-17.7463 6.42957 
-17.3062 5.9025 
-17.8391 5.29798 
-17.9753 5.63204 
-17.9188 5.4738 
-17.7107 6.72947 
-17.9186 5.87817 
-17.9691 5.66009 
-17.6879 6.75514 
-18.2343 5.05337 
-17.9496 5.70741 
-17.955 5.66117 
-17.9708 5.49116 
-17.8072 2.99349 
-15.6494 -8.75298 
-17.889 4.5924 
-17.9682 5.69973 
-17.9819 5.64359 
-17.9458 5.40297 
-17.9502 5.41294 
-17.982 5.64204 
-17.9634 5.62981 
-17.9742 5.55655 
-17.9874 5.56903 
-17.9624 5.67087 
-17.9702 5.27568 
-17.9771 5.63276 
-17.9845 5.66025 
-17.9843 5.46297 
-17.6187 6.42222 
-18.3273 5.01388 
-18.4317 4.85823 
-17.8958 6.40971 
-17.9116 5.83395 
-18.1122 5.72655 
-18.3486 5.02522 
-18.4331 5.27703 
-18.42 5.37883 
-18.4924 3.77733 
-17.9319 5.74477 
-18.4094 4.93944 
-18.4199 4.58357 
-18.0552 5.61019 
-17.9696 5.67729 
-17.9027 5.89061 
-18.0063 5.62313 
-18.0741 5.44233 
-17.9833 5.62304 
-18.019 5.44002 
-18.0053 5.64592 
-18.0192 5.62791 
-18.013 5.66025 
-17.9877 5.54426 
-17.9646 5.64317 
-17.8961 3.00924 
-17.9743 5.67701 
-17.9757 5.65815 
-17.9689 5.69455 
-18.0301 4.80412 
-17.9726 5.60956 
-17.9822 5.65653 
-17.9719 5.58759 
-18.0137 5.42291 
-17.9863 5.4295 
-17.9906 5.33306 
-18.0806 4.61857 
-17.9874 5.25506 
-17.6496 6.7396 
-17.741 5.47118 
-17.9096 5.61738 
-17.9788 5.67342 
-17.9784 4.06147 
-17.9691 5.68395 
-17.916 5.75561 
-17.9701 5.40954 
-17.9807 5.56026 
-17.9619 5.42992 
-17.9915 5.29382 
-18.1 5.48859 
-17.9774 5.67936 
-17.9778 5.68559 
-17.9909 5.63481 
-17.9826 5.67244 
-18.0089 5.42165 
-17.9892 5.67594 
-17.9992 5.48441 
-18.013 5.47364 
-17.9966 5.53078 
-17.9932 5.64023 
-18.0107 5.51128 
-17.987 5.63168 
-17.8028 5.20199 
-17.9898 5.06326 
-17.8622 5.01752 
-17.9729 5.16811 
-17.7884 5.05313 
-17.9721 5.32159 
-17.9674 5.39045 
-17.8328 2.42838 
-17.8993 4.35206 
-17.9866 5.62846 
-17.9693 5.2669 
-17.9822 5.31328 
-17.9808 5.55727 
-17.9881 5.53753 
-17.9807 5.59268 
-18.0554 3.93853 
-17.98 5.31336 
-17.9764 5.61302 
-18.0049 5.39352 
-17.9768 5.66666 
-18.0453 5.74257 
-17.4343 6.26803 
-18.224 5.8753 
-17.9717 5.66652 
-17.9731 5.69876 
-18.4623 2.57884 
-17.8583 5.93124 
-17.6847 6.67663 
-17.7656 6.58869 
-18.2605 5.50693 
-18.2659 5.48272 
-18.216 5.53206 
-17.4611 6.41654 
-17.9864 5.65429 
-17.9635 5.73854 
-17.9493 5.44915 
-17.9786 5.69638 
-17.9799 5.57143 
-17.9558 5.46096 
-17.9847 5.69824 
-17.9767 5.55418 
-17.9598 5.38638 
-18.0469 5.77333 
-17.9804 5.67049 
-17.987 5.671 
-17.9842 5.50991 
-17.9825 5.59573 
-17.985 5.60192 
-17.9915 5.61483 
-17.9834 5.58374 
-17.9901 5.41942 
-17.9879 5.50989 
-17.9793 5.57237 
-18.0008 5.6231 
-17.9915 5.61208 
-17.9859 5.63579 
-17.9573 5.57869 
-17.8014 6.58006 
-17.8231 6.00198 
-17.9606 5.71205 
-17.9826 5.68168 
-17.9729 5.61832 
-17.9832 5.60438 
-17.967 5.38255 
-17.9985 5.66341 
-17.9875 5.56612 
-17.9896 5.60951 
-17.9932 5.62308 
-17.9525 5.80984 
-18.0065 5.8034 
-17.9911 5.70427 
-18.0011 5.66514 
-17.9823 5.68102 
-17.9526 5.38368 
-17.9926 5.70603 
-17.9705 5.52913 
-17.7427 6.52917 
-17.9537 5.70579 
-17.9729 5.67449 
-17.9068 5.82648 
-17.7887 5.63378 
-17.9546 5.55751 
-17.917 5.78443 
-17.7673 5.01156 
-17.7773 6.51732 
-17.8355 5.31231 
-17.7534 5.69565 
-17.9492 5.63639 
-17.8311 4.98145 
-17.9922 5.1295 
-17.9667 5.61501 
-17.9245 5.27515 
-17.9362 5.07449 
-17.6934 4.44511 
-17.8746 4.7703 
-17.8792 5.88357 
-18.0026 4.72151 
-17.9564 5.45606 
-17.903 5.5998 
-17.8725 5.20942 
-17.9775 5.55698 
-17.9339 5.32393 
-17.9038 5.37735 
-17.875 5.11531 
-17.9602 4.5481 
-17.9065 5.28452 
-17.8879 5.10141 
-17.9354 5.34133 
-17.9169 5.36546 
-17.4107 6.24007 
-17.8355 6.54368 
-17.7328 6.67627 
-17.9978 6.1265 
-17.9743 5.61595 
-17.9406 6.33225 
-17.9809 5.69268 
-17.9041 5.90015 
-17.9179 6.14006 
-17.8314 6.54566 
-17.6426 6.57668 
-17.2449 5.77045 
-18.0894 5.10818 
-17.5912 6.53302 
-18.1076 5.75969 
-17.7392 6.2678 
-17.8122 6.48306 
-17.9197 5.71952 
-17.9576 5.68409 
-17.6346 6.4187 
-17.8709 5.85573 
-17.9432 5.72087 
-18.3395 5.53273 
-17.6765 6.78431 
-17.9433 5.75009 
-17.9845 5.55686 
-17.9793 5.43606 
-17.9724 5.69693 
-17.9774 5.67953 
-17.986 5.61883 
-17.9916 5.43794 
-18.0141 5.38268 
-17.9774 5.67607 
-17.9816 5.62157 
-17.9795 5.61984 
-17.9843 5.64873 
-17.979 5.66745 
-17.9085 5.8653 
-17.965 5.66858 
-17.9617 5.51864 
-17.9816 5.66754 
-18.1796 5.45946 
-17.9873 5.54885 
-17.9782 5.68212 
-17.9824 5.58844 
-17.9638 5.69055 
-17.9451 5.72162 
-17.982 5.65417 
-17.9814 5.5571 
-17.9861 5.59936 
-17.979 5.50993 
-17.926 5.33842 
-17.9889 5.57083 
-17.9668 5.55069 
-17.8739 5.31436 
-17.7468 6.20019 
-17.9435 5.6832 
-17.9438 5.37556 
-17.805 4.96139 
-17.6315 3.1663 
-17.9387 5.3506 
-17.9078 5.08219 
-18.0131 5.70485 
-17.8972 6.38528 
-17.9371 5.87625 
-17.9561 5.53391 
-17.7566 6.64669 
-17.9872 5.77536 
-17.9867 5.64853 
-17.9847 5.83457 
-17.9322 5.26407 
-18.0119 5.65732 
-17.7689 6.47104 
-17.8058 6.26438 
-17.972 5.49535 
-17.9357 5.36632 
-17.9247 5.22434 
-17.9484 5.7443 
-17.9879 5.41158 
-17.9701 5.45435 
-17.8728 6.46533 
-17.9801 5.49968 
-17.9387 5.65515 
-17.9444 5.21634 
-17.7153 6.09466 
-17.6551 6.29189 
-17.8653 5.7057 
-17.9457 5.50516 
-17.9077 5.51512 
-17.8363 5.89987 
-17.7925 5.9764 
-17.8804 5.90644 
-17.6986 6.25717 
-17.6715 6.78408 
-17.6616 6.3359 
-17.7278 6.41611 
-18.0671 5.95633 
-17.9873 6.04455 
-17.5399 6.47646 
-17.6676 6.17956 
-17.9647 5.72469 
-17.7104 5.9196 
-17.9419 5.76058 
-18.0018 6.14017 
-17.8513 6.50132 
-17.4315 6.09972 
-17.9046 5.81571 
-17.6697 6.65653 
-17.8189 6.29482 
-17.8027 6.16255 
-17.9536 5.09023 
-17.9728 5.69127 
-17.8331 6.47217 
-17.9441 5.76193 
-18.0038 5.55287 
-18.139 5.11791 
-17.9782 5.66321 
-17.9758 5.56053 
-17.9436 5.50512 
-17.9327 5.31968 
-17.975 5.57239 
-17.9564 5.22282 
-16.7903 -5.43269 
-17.974 5.53571 
-17.977 5.53641 
-17.948 5.39732 
-17.741 1.18303 
-17.4443 1.04812 
-17.9926 5.36678 
-17.8953 4.94232 
-17.9851 5.64046 
-17.9793 5.6083 
-17.8037 5.26767 
-17.9422 4.50734 
-17.8061 5.04545 
-17.9851 5.61 
-17.8896 5.25462 
-17.8096 4.9936 
-17.9915 5.1415 
-17.8806 4.77509 
-17.9796 5.52899 
-17.9707 5.17159 
-17.9006 4.92309 
-17.9979 4.51831 
-17.9735 5.20275 
-17.9675 5.18137 
-16.7932 -8.28911 
-17.9636 4.9473 
-17.9541 5.68044 
-17.8644 4.93999 
-17.9244 5.35459 
-17.9662 5.66477 
-17.9178 5.33844 
-17.9687 5.53006 
-17.9411 5.21813 
-17.9579 5.44939 
-17.9248 5.24228 
-17.9307 5.21055 
-17.9455 5.75907 
-17.978 5.3241 
