-17.641 -7.82416 
-18.115 -5.43686 
-17.651 -3.84257 
-14.4129 -11.4694 
-17.3311 -9.21396 
-18.6373 0.595368 
-17.5995 -6.56765 
-17.8905 -7.21491 
-18.0072 1.92253 
-18.3612 -3.04732 
-17.7999 -4.69557 
-15.8127 -10.2568 
-17.9579 -5.86452 
-17.6155 -8.98738 
-17.6003 -8.41765 
-17.9663 -8.50586 
-17.6443 -8.09942 
-18.3591 -1.77152 
-17.761 -2.94637 
-18.1056 -4.81608 
-17.2866 -7.59005 
-17.3569 -9.50325 
-15.322 -11.0403 
-17.1545 -9.82021 
-17.4519 -9.46733 
-17.9624 -6.2964 
-17.9666 -7.16428 
-17.5263 -9.18081 
-17.6319 -8.64331 
-17.8891 -7.91498 
-17.6264 -9.15831 
-18.0367 -7.50301 
-17.3517 -8.14457 
-17.4016 -9.51223 
-18.6558 4.3008 
-16.9682 -8.1855 
-17.2543 -8.99398 
-17.2024 -9.04071 
-17.9354 -3.97513 
-13.538 -12.8151 
-16.4998 -9.60187 
-16.791 -8.80677 
-17.8704 -4.09926 
-17.2585 -9.47709 
-18.2952 2.46783 
-17.8535 -7.59379 
-17.9147 -8.12288 
-18.0313 3.24611 
-17.6253 -8.80011 
-18.182 -5.29322 
-16.7067 -10.2641 
-17.536 -5.60609 
-17.0945 -7.82003 
-17.63 -8.6194 
-17.5657 -5.11035 
-17.9998 -4.84945 
-17.2565 -9.65552 
-17.8104 -8.5777 
-16.9974 -6.19675 
-14.9639 -9.77559 
-17.7945 -6.20469 
-17.6457 -8.18355 
-18.3291 2.53567 
-17.7805 -8.51968 
-17.5522 -7.74772 
-17.6517 -8.77116 
-15.1453 -9.68362 
-16.2334 -9.91745 
-17.6773 -1.52784 
-17.9685 -7.79871 
-17.7879 -8.83439 
-16.9627 -9.72794 
-17.4804 -8.98613 
-15.2194 -10.8012 
-16.0946 -8.6823 
-17.1518 -6.17172 
-17.978 -7.46416 
-17.9017 -5.65124 
-17.9793 -5.10296 
-17.9462 -5.07576 
-18.1546 -4.28318 
-17.3185 -8.24716 
-18.1347 4.66201 
-17.9806 -6.22223 
-17.2872 -9.51065 
-17.9294 -5.80588 
-17.7403 -8.82407 
-17.465 -8.70785 
-17.8852 -1.30718 
-17.7295 -7.81252 
-17.2326 -6.09696 
-17.7307 -6.28731 
-17.9994 -5.07937 
-17.0056 -6.13451 
-17.2553 -7.14635 
-17.8034 -8.27168 
-18.0001 -7.12219 
-17.9328 -4.69212 
-17.7941 -6.39333 
-17.471 -9.25993 
-17.7191 -8.41292 
-17.7654 -6.58632 
-15.9223 -10.2534 
-17.8173 -7.88854 
-18.0563 -5.49085 
-18.081 -3.42602 
-18.5884 3.57506 
-18.1558 5.50159 
-17.6888 -8.75226 
-17.4755 -7.53258 
-18.1242 -2.31373 
-17.6205 -9.15946 
-17.8325 -6.67383 
-17.0266 -9.37077 
-18.0286 1.13127 
-17.7003 -8.93259 
-17.6302 -9.02444 
-17.802 -5.32911 
-16.3504 -9.21075 
-17.4308 -7.32724 
-17.8647 -5.67972 
-17.4558 2.00993 
-17.9253 -5.51071 
-17.4725 -9.10494 
-17.6354 -8.90536 
-17.6686 -8.67091 
-17.8277 -6.26969 
-18.2715 -3.12311 
-16.4254 -10.3751 
-17.6846 -8.30327 
-17.7647 -8.83167 
-17.02 -8.55688 
-16.6183 -9.72039 
-17.9608 -8.07565 
-17.7126 -7.54402 
-17.735 -9.05723 
-15.4774 -2.06337 
-17.3229 -9.37662 
-17.4515 -9.18687 
-17.8606 -8.10545 
-17.9208 -2.90288 
-18.3428 0.653622 
-16.8106 -9.98682 
-17.0703 -6.01202 
-18.4011 -1.19578 
-17.4228 -9.53902 
-17.1709 -9.79832 
-17.9858 -2.97852 
-17.9015 -8.24456 
-16.223 -8.80988 
-17.7645 -0.169285 
-17.6756 -8.96281 
-18.0553 3.77405 
-17.5462 -6.14216 
-17.5256 -8.42969 
-17.7952 -8.88673 
-17.8628 -0.383065 
-17.9649 -5.22565 
-18.0713 -7.10068 
-17.7397 -6.0422 
-17.4667 -8.75595 
-17.8989 -6.9756 
-14.3769 -11.8269 
-16.1381 -10.2621 
-16.5696 -10.3537 
-17.0922 -7.95507 
-17.7031 -6.98495 
-17.5517 -8.4827 
-17.7275 -8.99988 
-17.8801 -8.15994 
-18.0398 5.3266 
-17.9086 -5.85028 
-18.0851 -6.70842 
-18.0525 -5.22879 
-17.6685 -9.14627 
-17.37 -9.41215 
-17.7313 -8.57223 
-16.9739 -9.49622 
-17.9143 -5.14689 
-17.8294 -7.20867 
-17.8824 -8.26734 
-17.8182 3.43195 
-17.7332 -8.98633 
-18.144 -4.03557 
-17.389 -8.1914 
-16.8546 -8.26817 
-17.2209 -9.69293 
-15.8436 -9.34245 
-17.9749 -3.30059 
-18.1781 5.18581 
-17.6848 -8.3518 
-16.0243 -10.3166 
-17.7328 -8.63857 
-16.0934 -6.53075 
-17.9543 -4.95731 
-17.9491 -5.40471 
-17.0839 -2.11753 
-17.882 -8.14819 
-17.9866 -7.32453 
-18.3005 -1.43068 
-17.552 -8.98633 
-17.8841 -6.20877 
-17.6968 -6.56086 
-17.9289 -7.60486 
-17.7578 -7.66845 
-17.4069 -9.1374 
-17.648 -9.20187 
-17.9684 -6.11799 
-17.5615 -4.46083 
-17.514 -7.69616 
-16.994 -9.91792 
-16.9696 -5.68985 
-17.6356 -9.08347 
-17.6673 -6.90285 
-17.9523 -6.45556 
-17.0928 -7.89278 
-16.1855 -8.8327 
-18.101 5.71733 
-17.776 -7.95896 
-17.7993 -2.74446 
-18.0263 -6.01746 
-18.0443 -5.31653 
-15.2933 -9.96241 
-17.7257 -6.56243 
-17.2576 -9.58583 
-17.9539 5.64239 
-17.826 -8.88508 
-17.6783 -6.76545 
-18.0368 -6.14584 
-17.6075 -9.15138 
-17.1997 -9.04397 
-17.6229 -9.10077 
-16.6527 -8.13081 
-17.7812 -6.91658 
-17.5856 -9.29508 
-17.6885 -9.0536 
-17.2077 -7.81818 
-17.6131 -9.11724 
-17.9669 5.62567 
-17.747 -7.52799 
-17.3811 -7.17007 
-16.5438 -8.82945 
-17.6976 -8.24397 
-17.8231 -8.52158 
-17.6355 -2.7284 
-17.3847 -5.43537 
-17.8405 -7.88878 
-14.5048 -10.3867 
-17.3857 -9.5632 
-18.0151 -4.75281 
-17.4478 -9.42728 
-17.4783 -7.71343 
-17.5877 -6.27066 
-17.659 -8.87209 
-17.2702 -9.31274 
-16.3689 -8.63822 
-17.4698 -8.24533 
-17.7591 -8.6251 
-18.0038 4.80751 
-17.7952 -6.43653 
-16.8765 -9.80427 
-17.565 -8.31124 
-17.8793 -5.42878 
-17.1888 -8.84956 
-16.6041 -9.28405 
-15.5551 -10.6771 
-17.9145 -8.02234 
-17.6251 -9.00557 
-16.9194 -9.89579 
-17.9368 2.96262 
-17.5008 -8.17186 
-17.4131 -8.69446 
-18.4066 -1.84869 
-17.691 -9.01847 
-18.0254 -7.63075 
-17.8146 -7.66916 
-15.155 -11.0317 
-17.5942 -5.47593 
-17.7601 -8.71137 
-18.142 -4.04596 
-17.6829 -9.11794 
-17.5765 -9.22298 
-18.1229 -4.386 
-17.1714 -4.70116 
-16.2954 -9.56664 
-16.176 -9.08664 
-17.2729 -6.65152 
-17.9273 -4.82876 
-17.761 -8.44794 
-17.799 -8.74315 
-17.9964 -6.43122 
-17.2266 -9.43711 
-18.2216 -0.873618 
-17.5108 -9.33139 
-17.9789 -8.11024 
-17.1476 -5.09254 
-18.2687 5.19101 
-17.7833 -7.29726 
-17.9952 -5.58636 
-18.1749 5.47899 
-17.7359 -7.61495 
-17.8418 -8.58013 
-16.2208 -9.89589 
-17.8747 -6.86662 
-17.6959 -9.14235 
-17.8852 -7.24858 
-17.9441 -7.65616 
-17.2202 -4.56375 
-17.4124 -9.05277 
-16.9483 -8.45934 
-17.5924 -9.20443 
-17.6708 -6.81899 
-17.8119 -5.59946 
-17.6199 -8.8612 
-17.8574 -4.38234 
-17.068 -5.70867 
-18.0554 -4.83866 
-17.4904 -8.51612 
-17.775 -7.6304 
-17.7875 -5.99817 
-17.6532 -7.91596 
-17.7661 -6.18048 
-16.5958 -7.75562 
-17.719 -8.60775 
-17.7654 -6.64872 
-17.8699 -8.74435 
-17.4549 -8.97207 
-18.2406 -3.10663 
-17.859 -8.70262 
-15.7175 -10.1443 
-17.1799 -4.91678 
-17.8873 -6.4594 
-17.6143 -8.97682 
-17.8568 -4.64445 
-15.7147 -10.4026 
-17.6502 -5.94909 
-17.7905 -8.40558 
-17.1419 -7.68443 
-17.6084 -9.29535 
-16.2755 -9.8165 
-17.6732 -8.60475 
-17.8899 -8.12719 
-17.5469 -9.00405 
-17.838 -3.15463 
-17.7134 -9.04308 
-17.4725 -9.41189 
-17.8697 -4.79798 
-17.7708 -8.96672 
-15.8667 -10.1429 
-17.6649 -9.0719 
-17.2327 -8.83884 
-18.0065 5.53766 
-16.2683 -10.5996 
-17.3414 -7.82395 
-17.5278 -8.7286 
-17.9496 -8.4025 
-17.5085 -8.45656 
-17.7625 -2.92651 
-17.9954 -5.68176 
-18.0266 -6.62833 
-17.6834 -6.65114 
-15.2162 -10.2312 
-17.5863 -8.48682 
-17.9095 -8.2629 
-17.6662 -8.80282 
-17.7641 -7.84509 
-16.1244 -8.69652 
-18.1154 -5.16071 
-18.0071 -6.73875 
-17.6763 -8.55047 
-16.1593 -8.80359 
-18.0444 -3.13433 
-16.7244 -9.8252 
-17.2622 -7.88441 
-16.3888 -8.23111 
-15.3807 -8.25548 
-17.2849 -8.77613 
-17.5538 -7.72191 
-17.9884 -4.84149 
-15.8844 -10.3401 
-16.9101 -9.51598 
-17.7249 -8.80876 
-17.9086 -6.46871 
-17.9319 -7.02672 
-18.0056 2.95477 
-17.6505 -8.13579 
-17.5008 -9.30875 
-17.4923 -7.43385 
-16.8677 -9.82841 
-17.7302 -8.03154 
-18.0063 -3.20739 
-17.8485 -5.66484 
-17.0931 -8.79083 
-17.8253 -8.7477 
-17.7643 -6.62773 
-12.9523 -12.5603 
-17.707 -7.93777 
-18.1048 2.76198 
-17.3921 -3.72202 
-17.8951 -2.37371 
-17.0478 -8.10338 
-17.8966 -7.68191 
-17.6928 -9.02922 
-16.8406 -6.28544 
-17.53 -5.9402 
-17.6808 -9.02206 
-17.6294 -7.81753 
-17.9012 -5.19642 
-17.0271 -6.17749 
-17.7096 -5.44205 
-18.1085 -5.04823 
-17.7565 -0.845155 
-17.6169 -8.30767 
-18.0347 -7.23641 
-13.9814 -10.81 
-18.2422 -2.87052 
-17.9919 -5.87058 
-16.2038 -9.97693 
-17.4656 -7.82854 
-18.1004 -5.42108 
-17.7529 -8.50152 
-17.9961 -5.21342 
-17.874 -7.42892 
-17.6142 -9.24357 
-17.5496 -9.36667 
-17.8776 -7.83784 
-17.8677 -8.59464 
-17.0052 -8.81298 
-17.319 -5.59119 
-16.9417 -9.94991 
-17.9294 -6.6421 
-17.2267 -7.2429 
-17.5553 -8.96393 
-17.7621 -8.08007 
-17.1792 -8.97375 
-17.611 -3.00692 
-17.6865 -8.14033 
-15.5291 -9.9408 
-17.8082 -8.54379 
-17.3371 -8.35743 
-16.7951 -5.23541 
-18.332 -2.2198 
-17.3877 -8.99577 
-17.2171 -5.60261 
-17.763 -7.74742 
-17.1567 -6.5165 
-17.4654 -8.59901 
-17.6872 -5.49085 
-17.2047 -6.46117 
-18.0077 4.4537 
-17.7916 -6.06437 
-17.5608 -9.23163 
-17.7347 -6.08892 
-17.8878 -7.51817 
-17.7036 -8.61284 
-17.2951 -4.64581 
-16.67 -8.52457 
-17.4512 -8.84901 
-17.6771 -9.04778 
-16.0123 -9.5064 
-17.5511 -8.77775 
-17.5163 -8.88598 
-17.6827 -8.82466 
-17.0639 -8.82031 
-18.0175 2.7103 
-17.9786 -4.81719 
-17.4559 -6.18171 
-17.5317 -9.35241 
-17.6061 -9.00975 
-17.461 -4.80633 
-17.4732 -8.9266 
-17.2407 -9.75918 
-18.467 -0.0364134 
-16.1669 -8.10001 
-17.7065 -3.20683 
-18.2314 4.92897 
-18.1125 -5.10293 
-17.9515 -5.63147 
-17.4632 -7.78498 
-17.8173 -7.03275 
-16.9638 -9.11797 
-18.0892 -4.49651 
-17.8574 -1.52573 
-17.9674 -4.49071 
-17.6768 -9.0611 
-17.9952 -4.61124 
-17.135 -5.99658 
-17.2001 -8.73316 
-16.0866 -10.4438 
-17.4266 -6.35387 
-16.4489 -8.96452 
-17.5513 -7.95905 
-17.1638 -9.27331 
-17.8601 -8.2159 
-17.6979 -8.95308 
-17.7751 -8.50286 
-18.1034 -6.38256 
-17.7995 -7.30696 
-17.858 -7.67963 
-17.6197 -7.81112 
-17.6723 -9.14592 
-17.9526 -7.95342 
-17.4799 -9.18581 
-16.1349 -10.4624 
-16.5586 -8.87018 
-14.3816 -11.5965 
-17.57 -5.13559 
-17.6438 -8.00915 
-17.7183 -8.66943 
-15.5041 -2.67488 
-18.1596 4.07973 
-17.7295 -8.46877 
-18.0436 -2.30157 
-17.6687 -7.68593 
-17.9426 -5.1529 
-16.8822 -7.56235 
-17.8344 -7.51815 
-17.7085 -7.02989 
-17.9652 -7.70036 
-18.2601 5.05478 
-17.8819 -5.71548 
-17.4733 -9.16838 
-17.6842 -8.85478 
-16.6488 -10.3487 
-17.6809 -8.66626 
-17.0455 -6.64974 
-17.6925 -8.11355 
-16.7063 -6.25191 
-15.065 -9.10687 
-17.7651 -6.77199 
-17.5039 -5.55967 
-17.6313 -8.4134 
-17.763 -8.03364 
-17.8407 -8.74379 
-17.2653 -7.75123 
-17.5774 -5.44634 
-17.5427 -3.60601 
-17.706 -4.48094 
-17.8212 -5.43165 
-17.64 -3.3063 
-17.9001 -7.71553 
-17.7986 -6.23943 
-17.8013 -5.31651 
-17.7143 -7.00148 
-17.8155 -8.8017 
-17.6689 -6.71315 
-17.774 -7.40852 
-17.7096 -8.37786 
-17.3399 -9.21373 
-17.7879 -8.88717 
-17.1653 -8.56518 
-17.6518 -5.54046 
-17.6854 -9.02557 
-17.5618 -9.00973 
-17.7568 -8.77554 
-18.0266 -6.88445 
-17.5638 -4.90824 
-17.4872 -4.49162 
-17.4146 -1.54758 
-17.5161 -3.60929 
-17.6278 -4.80954 
-17.5679 -4.86907 
-17.5002 -3.10681 
-17.4816 -2.82714 
-18.0403 -6.12721 
-17.1346 -4.33881 
-17.9214 -6.28382 
-17.7527 -8.92525 
-17.7978 -7.74926 
-17.955 -7.86906 
-17.8189 -5.78957 
-18.0936 -5.82041 
-17.7726 -8.81522 
-17.7514 -9.02805 
-17.9363 -6.24712 
-17.8822 -8.5292 
-17.9461 -6.5654 
-16.7719 -9.86641 
-17.3001 -8.61366 
-17.5532 -9.01997 
-17.8747 -6.10038 
-17.7571 -7.80402 
-17.835 -8.44951 
-17.8911 -8.22488 
-18.1833 -5.96229 
-17.7553 -7.65139 
-17.9923 -6.3044 
-17.7622 -8.39146 
-17.861 -8.35767 
-17.8862 -8.56795 
-18.1144 3.6064 
-17.9564 -7.78156 
-17.8057 -6.9617 
-18.0465 -6.52202 
-17.8304 -5.81263 
-17.9944 -8.09648 
-17.8077 -8.83927 
-18.1418 -5.98802 
-17.9977 -6.52259 
-17.9234 -7.68544 
-17.8634 -7.3283 
-17.458 -6.1643 
-17.2752 -5.01414 
-17.6705 -6.71834 
-17.8155 -8.6076 
-17.7349 -8.71489 
-17.9541 -6.11388 
-17.8719 -8.71199 
-17.787 -5.43057 
-18.1674 -5.84686 
-17.3176 -8.64333 
-17.7891 -1.00989 
-17.7971 -7.71525 
-17.835 -8.18574 
-17.6707 -8.81213 
-17.9891 -6.37428 
-17.7837 -8.69938 
-17.531 -8.43952 
-17.2736 -9.08693 
-17.5332 -9.28095 
-17.7297 -8.84503 
-17.7081 -6.97626 
-17.3898 -7.61172 
-17.7736 -6.18202 
-17.7534 -5.72887 
-17.1019 -8.5804 
-16.9711 -8.16456 
-17.2518 -7.24362 
-18.4458 2.42538 
-17.7007 -8.7308 
-17.2429 -7.99809 
-17.5078 -8.82673 
-16.9574 -8.83538 
-17.7307 -8.42143 
-17.537 -8.62789 
-17.5321 -7.93357 
-17.7124 -6.51492 
-17.5619 -7.3047 
-17.5538 -8.63988 
-16.5649 -9.62019 
-17.9837 -5.29734 
-17.6118 -8.37549 
-17.804 -8.87339 
-17.6928 -8.8919 
-17.4678 -8.77316 
-17.4396 -8.79141 
-18.0723 -6.84256 
-17.979 -7.60295 
-17.969 -4.77772 
-18.0224 -7.35958 
-17.7697 -5.64298 
-18.0762 -6.40294 
-17.9368 -4.95115 
-17.578 -5.25653 
-17.6927 -5.09512 
-18.239 -2.32349 
-17.2526 -7.85551 
-17.4572 -5.59714 
-17.3557 -2.52685 
-17.5427 -4.49694 
-17.8996 -7.5645 
-17.8528 -5.57595 
-17.6388 -6.91074 
-17.6551 -6.35123 
-18.0476 -6.21616 
-17.5969 -3.1412 
-17.8241 -5.3659 
-17.9463 -5.42759 
-17.7544 -0.167163 
-17.609 -2.07396 
-15.0903 -8.5421 
-17.5836 -5.17472 
-17.9164 -5.0364 
-17.7607 -4.86439 
-17.5556 -2.37993 
-17.6363 -4.66872 
-17.6384 -2.97649 
-17.662 -4.88387 
-17.3989 -1.45625 
-17.5744 -4.39623 
-17.6042 -3.89395 
-18.093 -5.86314 
-17.7433 -4.98027 
-17.9442 -5.46083 
-16.7104 -6.34969 
-17.8453 -8.17527 
-17.5711 -9.35368 
-16.6364 -7.52274 
-17.1918 -9.44045 
-16.9557 -6.24708 
-17.1111 -6.11185 
-17.6655 -9.19078 
-17.648 -8.67418 
-17.3046 -7.49335 
-17.219 -7.86378 
-18.1149 4.287 
-17.8076 -5.54562 
-17.9583 -5.91388 
-17.6072 -4.87701 
-16.9788 -8.34715 
-17.5992 -0.997303 
-18.114 -6.13488 
-17.8053 -4.34001 
-15.3188 -9.86463 
-16.983 -7.9462 
-16.3642 -9.34411 
-17.6373 -8.02106 
-18.0099 -3.9182 
-14.8747 -6.54799 
-17.5717 -5.5881 
-17.734 -1.22575 
-16.8263 -8.8638 
-15.548 -10.2184 
-16.8778 -8.95789 
-17.3743 -8.70913 
-17.3287 -8.39734 
-16.9443 -8.22983 
-16.702 -8.13699 
-16.6837 -8.34232 
-17.1977 -7.99654 
-16.8634 -9.39205 
-17.4307 -6.47373 
-15.1475 -10.2678 
-16.4558 -9.31938 
-17.699 -8.61289 
-18.0597 -5.3786 
-17.73 -4.87244 
-17.4621 -4.9379 
-17.3761 -4.91339 
-17.226 -8.86505 
-18.3352 -1.67798 
-17.8063 -5.04686 
-17.8206 -5.12071 
-17.7894 -4.91302 
-17.2766 -7.04574 
-17.9691 -4.86251 
-17.3803 -8.61764 
-17.4728 -7.58799 
-17.7404 -7.35576 
-17.9002 -6.90119 
-17.3854 -8.64113 
-17.0675 -9.29365 
-17.9266 -7.8763 
-15.5126 -10.5095 
-18.0122 -6.79694 
-17.8742 -8.04233 
-18.0064 -5.53094 
-17.8468 -6.00123 
-17.9365 -8.32014 
-17.7288 -3.22129 
-17.3912 -4.23796 
-17.5806 -5.16819 
-16.3029 -6.60439 
-17.2864 -6.37004 
-16.9075 -5.20807 
-17.094 -4.87477 
-17.2582 -4.9765 
-17.4885 0.895037 
-17.4279 -4.06927 
-17.664 -8.53022 
-17.8761 -8.4978 
-18.2341 -5.05738 
-18.1068 -5.99355 
-18.108 -5.90512 
-17.9106 -8.50238 
-17.9515 -7.76149 
-17.8311 -7.9529 
-17.6769 -8.31643 
-18.04 -5.36728 
-17.8583 -8.82344 
-17.7719 -8.78073 
-17.9196 -8.65915 
-17.2161 -8.62012 
-17.3256 -5.03457 
-17.5732 -3.81769 
-16.926 -5.80531 
-17.7316 -3.10086 
-16.6898 -6.17978 
-17.2667 -6.31723 
-17.8555 -8.27302 
-17.5882 -8.72344 
-17.6709 -5.98839 
-18.3494 -2.06046 
-17.6542 -8.97066 
-17.9417 -8.4625 
-17.7141 -3.90585 
-17.7489 -4.80477 
-17.9723 -5.21877 
-17.952 -7.53692 
-17.7538 -7.96526 
-17.5484 -7.47698 
-17.8279 -8.80565 
-17.721 -8.11808 
-18.0807 -6.99608 
-18.1301 -3.03719 
-18.1737 -1.80436 
-17.8557 -3.2837 
-17.7277 -3.64924 
-18.163 5.63631 
-17.5973 -3.07404 
-18.4981 4.61001 
-18.1388 -3.74357 
-17.9337 3.92943 
-18.3944 -1.31521 
-17.8828 -5.98778 
-18.0415 2.37691 
-17.9814 -4.80465 
-18.0042 -4.13519 
-17.947 -4.43179 
-17.669 -5.22776 
-17.8776 -4.67842 
-18.0958 -6.77964 
-17.962 -6.25444 
-18.0578 -5.14887 
-17.8674 -4.40173 
-17.3624 -6.24537 
-17.7504 -3.82962 
-17.6892 -5.36711 
-17.5484 -4.99127 
-17.393 -4.58698 
-17.3469 -6.03701 
-17.313 -5.96592 
-17.7046 -5.35156 
-17.7123 -4.48312 
-17.1033 -4.09453 
-17.0759 -5.46709 
-17.5271 -6.55965 
-17.9257 -7.95125 
-17.4912 -4.35587 
-16.9575 -7.65499 
-17.9046 -7.59371 
-17.8573 -8.74548 
-17.4861 -9.13507 
-17.1824 -7.04964 
-17.4915 -8.38721 
-17.3451 -6.30556 
-17.0751 -7.72086 
-16.7838 -9.21258 
-17.4295 -6.46233 
-16.7846 -9.53405 
-17.0432 -9.82773 
-17.3192 -9.38097 
-17.3779 -4.77198 
-17.1919 -7.12193 
-17.1892 -8.94075 
-17.8247 -8.70851 
-17.3229 -8.54169 
-15.7583 -9.31467 
-17.5732 -8.0397 
-17.7969 -6.1805 
-17.4253 -8.71498 
-17.5291 -6.55456 
-12.4042 -10.1673 
-17.0794 -8.4577 
-17.2934 -7.36602 
-16.2402 -7.31641 
-17.6211 -4.94382 
-17.8012 -6.84617 
-17.1773 -5.84672 
-17.5671 -6.5487 
-16.7512 -6.68737 
-14.621 -11.2401 
-18.4085 3.38714 
-17.5082 -6.48234 
-16.8212 -8.80069 
-17.3747 -7.59319 
-17.9209 2.36406 
-17.7099 -8.79701 
-18.0539 -1.17845 
-17.7737 -7.35173 
-16.4568 -9.2253 
-16.8922 -7.37684 
-17.3498 -4.99403 
-16.3414 -9.48596 
-17.712 -5.05404 
-17.8218 -7.07528 
-17.543 -4.66317 
-17.4063 -5.75919 
-17.741 -8.85614 
-17.9434 -6.05611 
-17.7549 -8.0134 
-17.9635 -7.19797 
-16.8137 -7.40736 
-17.3766 -8.82119 
-17.7066 -9.16834 
-16.8587 -9.87919 
-17.3712 -8.68588 
-17.7256 1.27762 
-17.7342 -8.73679 
-17.8897 -4.35645 
-17.756 -5.51125 
-18.0099 5.22663 
-17.9671 -4.2371 
-17.9512 -7.13788 
-18.1204 2.31608 
-17.6272 -6.94135 
-18.013 -4.65545 
-17.6472 -4.7587 
-18.0731 -1.33333 
-18.0453 -5.18956 
-18.0264 -4.64291 
-18.0697 -6.59997 
-17.9183 -8.39354 
-17.8703 -4.53427 
-17.7782 -8.76372 
-17.503 -6.97271 
-17.8875 -4.62811 
-17.8164 -8.458 
-17.6078 -8.88431 
-17.7203 -8.40935 
-17.8265 -5.35394 
-18.0629 -5.62507 
-17.9125 -7.47122 
-17.871 -5.03236 
-17.8141 -8.75894 
-17.533 -5.14483 
-17.0834 -4.73584 
-17.7144 -5.50686 
-17.2155 -4.93274 
-17.369 -5.37037 
-17.8018 -5.39357 
-17.6796 1.4354 
-18.0458 -5.07305 
-17.7993 -2.81421 
-17.2902 -3.69483 
-17.766 -5.28983 
-17.5157 -3.6767 
-17.7163 -5.07038 
-17.8065 -5.05159 
-17.6874 -5.61164 
-17.7036 -5.6642 
-17.3057 -4.94171 
-17.5077 -5.2869 
-18.0682 -0.395847 
-17.7598 -1.04095 
-17.7689 -6.75674 
-17.7826 -5.15159 
-17.9105 -7.17383 
-17.5465 -2.30484 
-17.7401 -9.08478 
-17.546 -7.66582 
-17.5165 -7.89881 
-17.5567 -9.12188 
-17.6216 -9.19549 
-17.8531 -8.66114 
-17.7192 -8.3016 
-17.7358 -6.81924 
-17.6226 -7.55573 
-17.6741 -6.19696 
-17.7129 -8.96186 
-17.7773 -8.88722 
-17.6668 -8.18611 
-17.3531 -8.54905 
-18.0992 -6.03146 
-17.9794 -8.10179 
-17.9108 -5.56479 
-17.9967 -7.3297 
-17.998 -6.58675 
-17.8207 -5.66367 
-18.024 -7.74277 
-17.7721 -4.00471 
-17.8747 -8.16867 
-17.9217 -7.97232 
-17.7201 -8.80983 
-17.7359 -8.82228 
-17.5592 -9.15268 
-17.8332 -8.48694 
-18.5564 2.52814 
-17.6438 -9.15441 
-17.7584 -6.15895 
-17.7436 -7.0111 
-17.5578 -1.31186 
-17.9132 -4.75821 
-17.7835 -2.81012 
-18.0769 3.8273 
-17.7662 -7.56216 
-12.6972 -11.5781 
-15.0709 -11.2957 
-17.004 -5.31994 
-17.2438 -5.24688 
-17.2902 -7.60777 
-17.9921 -6.11489 
-17.5478 -5.95889 
-16.988 -9.15025 
-17.9268 -6.80833 
-17.8224 -7.25139 
-17.8876 -8.6787 
-17.428 -2.78036 
-17.8231 -5.50045 
-17.7594 -9.0321 
-17.909 -8.67681 
-17.7008 -5.16059 
-16.2899 -8.58236 
-17.6734 -5.01713 
-17.6381 -9.05423 
-16.6319 -8.22918 
-17.6817 -7.52566 
-17.5587 -9.06355 
-17.138 -8.02611 
-16.1955 -8.79248 
-16.8241 -9.26889 
-12.758 -11.7598 
-16.8339 -9.42119 
-18.2151 -2.34997 
-17.9939 5.58676 
-17.9923 4.5606 
-17.9865 5.59457 
-18.0003 5.49019 
-17.987 5.63494 
-17.9855 5.62207 
-17.5304 -1.87071 
-17.8449 -8.17708 
-16.5741 -7.29657 
-17.7327 -8.12223 
-17.8327 -1.7841 
-17.7261 -3.86618 
-17.8192 -4.18711 
-17.5611 -8.52199 
-18.0843 -5.22884 
-18.4561 -0.866132 
-17.8579 -5.67619 
-17.4298 -8.86676 
-18.3203 -1.07054 
-17.6659 1.00488 
-17.6693 -4.94576 
-17.3788 -4.14919 
-17.4107 -3.00842 
-18.0242 3.97857 
-17.2715 -5.32456 
-17.551 -0.469597 
-17.9834 -5.12923 
-17.7435 -8.60196 
